1071.0,516.0,112.0,107.0
1069.7480087280273,516.3542366027832,116.91331481933594,105.36946868896484
1071.3767166137695,515.4180145263672,121.57899475097656,106.85577392578125
1070.882827758789,514.7150993347168,129.53659057617188,107.68045806884766
1068.0943069458008,516.278491973877,136.8723602294922,106.12133026123047
1069.7090606689453,517.1518592834473,144.10137939453125,105.61690521240234
1071.4168701171875,516.8503646850586,150.0484619140625,107.56150817871094
1073.2537155151367,516.5346717834473,154.63368225097656,108.56282806396484
1075.4845352172852,517.1510124206543,164.27586364746094,109.46161651611328
1075.7624435424805,518.447566986084,169.4240264892578,107.32608795166016
1094.0249328613281,517.0422325134277,159.8143310546875,109.46463775634766
1135.3462028503418,517.0546760559082,118.9076919555664,109.63854217529297
1160.5709915161133,519.9799423217773,101.96095275878906,108.58525085449219
1153.6481666564941,517.3155899047852,114.15056610107422,111.73106384277344
1168.6602821350098,519.8208847045898,104.76192474365234,110.14256286621094
1168.0564231872559,519.4891624450684,119.12552642822266,111.30420684814453
1175.5211219787598,520.2173881530762,118.23726654052734,111.1073989868164
1178.5334396362305,522.052661895752,118.60105895996094,110.36064910888672
1182.993896484375,521.8686065673828,126.1412353515625,110.67333984375
1188.7436790466309,519.9339904785156,126.66339874267578,112.44635009765625
1193.0556411743164,518.9931144714355,133.05699157714844,113.84491729736328
1197.826042175293,516.1859664916992,125.65913391113281,116.71507263183594
1200.5252952575684,516.6842613220215,126.55005645751953,115.71439361572266
1201.3789825439453,517.8175239562988,128.74868774414062,114.8949203491211
1203.3952598571777,523.5754814147949,124.8442153930664,107.6991958618164
1200.8260955810547,525.8550910949707,128.0084228515625,105.98665618896484
1202.1249694824219,523.9019966125488,120.9404296875,107.5749740600586
1199.7986145019531,524.2433128356934,116.41497802734375,107.67090606689453
1197.2702102661133,522.5603981018066,114.30845642089844,110.0418930053711
1191.8994674682617,524.2231330871582,120.75746154785156,107.00560760498047
1180.140625,522.5527763366699,124.26937866210938,108.48242950439453
1176.9681777954102,526.5553588867188,125.63090515136719,102.90951538085938
1082.5790939331055,523.6491317749023,206.71461486816406,104.95256042480469
1145.5052452087402,524.8119621276855,122.73737335205078,105.21411895751953
1075.522117614746,526.4162254333496,185.84324645996094,101.4449234008789
1072.3095016479492,523.2366256713867,182.7853240966797,105.58598327636719
1081.234115600586,525.5884857177734,161.55975341796875,101.42156982421875
1077.1050720214844,522.5761909484863,154.43560791015625,103.51482391357422
1075.8967208862305,521.1481781005859,150.28260803222656,106.05331420898438
1076.1100997924805,518.3991889953613,139.07679748535156,107.90889739990234
1073.1399459838867,516.2914009094238,132.12181091308594,108.86193084716797
1067.5868682861328,516.0369911193848,146.84042358398438,109.05583953857422
1066.611557006836,516.8660888671875,129.98312377929688,107.95489501953125
1061.5919609069824,515.1547088623047,125.72867584228516,109.44619750976562
1054.1847610473633,515.8180122375488,129.0327606201172,107.81920623779297
1048.2767753601074,515.6453819274902,120.92020416259766,106.86579132080078
1042.4974975585938,516.891300201416,110.359130859375,105.08116912841797
1035.295955657959,516.3064384460449,111.06909942626953,106.78656768798828
1028.9108848571777,514.0368232727051,106.62989044189453,109.0213851928711
1027.44673538208,514.0132637023926,99.26531219482422,108.59215545654297
1023.9824867248535,515.4735412597656,89.11333465576172,107.50003051757812
1022.3184967041016,519.966739654541,88.59518432617188,101.8341293334961
1020.5911140441895,519.4304542541504,73.41524505615234,102.62972259521484
1014.7104568481445,513.6963233947754,80.59199523925781,107.7262191772461
993.6533432006836,512.8978805541992,121.89506530761719,107.43119812011719
965.9743270874023,511.3043670654297,154.47776794433594,109.58544921875
959.7934265136719,511.4944381713867,165.40908813476562,107.55741882324219
962.6438217163086,511.3979835510254,163.43601989746094,106.3381576538086
960.612548828125,509.3490867614746,165.81283569335938,101.94644927978516
960.479133605957,509.4348030090332,165.6490020751953,95.85649871826172
960.6752777099609,509.01837158203125,162.47027587890625,99.23944091796875
956.8439102172852,515.1183624267578,165.8778839111328,103.62435913085938
958.1987457275391,511.38137435913086,165.01226806640625,105.94922637939453
953.5805282592773,510.9043655395508,160.18431091308594,104.70225524902344
952.5160293579102,510.9813461303711,154.8405303955078,103.99537658691406
950.5645141601562,510.3578414916992,120.13018798828125,105.80775451660156
945.9405555725098,509.6001853942871,117.2586898803711,107.40113067626953
950.7638854980469,509.6471176147461,111.00830078125,108.69303894042969
944.3652801513672,510.79466247558594,107.9696044921875,106.36822509765625
952.8163299560547,511.81524658203125,99.81851196289062,102.88101196289062
948.7491340637207,510.6715888977051,104.66478729248047,104.29174041748047
949.9154510498047,510.65579986572266,103.20364379882812,104.88877868652344
949.7621154785156,509.8705253601074,101.40353393554688,106.1906509399414
950.4742851257324,510.61540603637695,99.03043365478516,104.65142059326172
952.3563385009766,509.30445861816406,100.51458740234375,105.52926635742188
953.411262512207,510.0385932922363,98.45115661621094,106.97209930419922
956.2589302062988,509.85508728027344,93.63561248779297,105.9635009765625
961.0663185119629,509.2431945800781,93.78264617919922,104.755126953125
962.2826271057129,511.93360900878906,89.98625946044922,102.0380859375
966.0398597717285,514.5278587341309,90.86986541748047,97.02115631103516
964.4200630187988,512.0987358093262,88.59008026123047,103.69901275634766
962.510383605957,512.9981842041016,90.58613586425781,102.28912353515625
1001.9979667663574,515.1133270263672,123.03852081298828,93.37387084960938
959.884635925293,516.6533851623535,97.02742004394531,98.1474838256836
963.5653076171875,516.9288063049316,100.16207885742188,96.31755828857422
960.6465377807617,519.4581184387207,159.37901306152344,92.24556732177734
957.4383010864258,515.9851455688477,168.51353454589844,96.26194763183594
958.6024627685547,514.420295715332,166.218017578125,98.00331115722656
959.5498275756836,514.7609481811523,166.46165466308594,98.73991394042969
959.7231063842773,514.0975036621094,165.75486755371094,100.91928100585938
959.5194854736328,512.4867668151855,164.96881103515625,103.15985870361328
958.8139495849609,514.1059494018555,164.29693603515625,101.45304870605469
958.7891006469727,513.1173324584961,165.63392639160156,103.45457458496094
957.9184646606445,517.3780212402344,166.79689025878906,98.54196166992188
958.5793609619141,516.7136535644531,166.03973388671875,101.78060913085938
955.0104751586914,515.3897972106934,166.32362365722656,102.5971450805664
957.615478515625,517.2780265808105,148.84634399414062,101.55756378173828
1017.9977226257324,523.6569595336914,109.36963653564453,96.17433166503906
1032.080852508545,528.5267639160156,94.83927154541016,91.76919555664062
1035.4326934814453,529.4965019226074,94.24929809570312,90.89087677001953
1038.147102355957,530.4876861572266,97.36961364746094,89.767578125
1045.428077697754,528.3988304138184,100.31211853027344,92.4814224243164
1057.6426849365234,528.2982635498047,93.59616088867188,92.90945434570312
1059.241641998291,526.2551460266113,101.0331039428711,95.72832489013672
1062.6966285705566,522.6097259521484,111.31890106201172,99.94583129882812
1066.4021186828613,525.1793975830078,120.78258514404297,97.3961181640625
1068.18212890625,522.9732780456543,125.06732177734375,100.57999420166016
1068.3767318725586,520.2211761474609,134.6622772216797,103.2196044921875
1066.1661529541016,520.6734085083008,151.78717041015625,103.43534851074219
1067.6829223632812,525.2352409362793,146.69699096679688,101.46753692626953
1069.2688217163086,521.2729415893555,163.00718688964844,105.61332702636719
1074.790771484375,519.7672348022461,170.92880249023438,107.65025329589844
1125.6091117858887,524.0336303710938,123.64026641845703,103.20278930664062
1072.1223678588867,521.1161651611328,199.23463439941406,108.62060546875
1159.4793510437012,525.0381927490234,115.67203521728516,103.91009521484375
1162.3166046142578,523.1516799926758,116.39834594726562,107.54713439941406
1177.0658721923828,521.5635299682617,118.0755615234375,110.34428405761719
1180.8514366149902,522.5038375854492,120.22675323486328,109.65266418457031
1190.2175254821777,521.8122863769531,120.68775177001953,111.627197265625
1196.4505004882812,522.1451721191406,122.05294799804688,110.79833984375
1208.418270111084,521.3726348876953,121.06241607666016,112.54974365234375
1212.2908515930176,522.8387107849121,121.88036346435547,111.23444366455078
1223.0071716308594,522.5023040771484,121.344482421875,113.79611206054688
1224.7813339233398,533.2714691162109,119.95960998535156,101.84146118164062
1232.5043106079102,539.1115760803223,120.42665100097656,97.4834213256836
1240.0242767333984,533.9487724304199,127.66165161132812,98.91638946533203
1242.1947441101074,530.9476127624512,121.62732696533203,106.41156768798828
1242.530029296875,526.8928527832031,132.274169921875,109.17990112304688
1243.3322868347168,536.0545463562012,127.19278717041016,100.87348175048828
1244.241397857666,527.7101440429688,124.1291732788086,109.51348876953125
1244.495273590088,525.2515335083008,124.65438079833984,110.48771667480469
1244.4863586425781,529.3386039733887,131.29757690429688,106.39820098876953
1242.3837203979492,532.7360610961914,120.31990051269531,104.03645324707031
1241.198715209961,523.6080741882324,128.23818969726562,111.83341217041016
1241.7513732910156,523.7578010559082,126.72213745117188,111.63933563232422
1242.7149391174316,526.1202621459961,124.31926727294922,110.12373352050781
1242.8912200927734,523.3390769958496,126.15805053710938,112.25489044189453
1243.0302276611328,524.9560928344727,124.43026733398438,111.07380676269531
1244.4347610473633,523.7677764892578,123.15342712402344,110.76544189453125
1243.4386100769043,523.5676116943359,125.24243927001953,112.81344604492188
1249.184555053711,518.6845016479492,128.19778442382812,116.46357727050781
1247.369758605957,516.0947875976562,129.92576599121094,120.14306640625
1259.3430862426758,518.9057350158691,124.59880065917969,116.64473724365234
1266.0386276245117,517.4221038818359,120.36256408691406,118.71987915039062
1277.1918296813965,517.0147094726562,111.06092071533203,119.0087890625
1275.490493774414,522.8497543334961,119.58889770507812,114.00508117675781
1271.2887840270996,523.5495414733887,123.2682876586914,114.91968536376953
1298.6975784301758,526.5431938171387,114.55036926269531,111.19519805908203
1298.84326171875,511.9173011779785,129.09234619140625,127.00414276123047
1306.771800994873,515.2083358764648,122.1948013305664,124.65089416503906
1309.5480117797852,516.0715942382812,124.74250793457031,122.86239624023438
1318.5244445800781,512.5556678771973,120.02310180664062,126.15868377685547
1322.596046447754,516.0665092468262,145.85206604003906,123.72443389892578
1320.1897888183594,530.3108901977539,132.56393432617188,113.28974914550781
1333.9385681152344,526.7755508422852,136.55734252929688,112.86012268066406
1337.0590591430664,537.6391639709473,140.39598083496094,104.46422576904297
1344.2967529296875,542.3029708862305,150.84808349609375,97.55625915527344
1348.0273971557617,527.4619026184082,160.00038146972656,110.78002166748047
1355.1832656860352,522.2971611022949,145.57774353027344,117.79627227783203
1372.2355270385742,524.672534942627,153.9053497314453,117.75115203857422
1378.9029541015625,528.8838882446289,162.09173583984375,111.94245910644531
1385.2801971435547,535.6904449462891,168.20803833007812,106.17364501953125
1396.301856994629,533.3733901977539,166.68174743652344,110.24488830566406
1408.0907592773438,531.2015914916992,155.191162109375,111.63670349121094
1415.7836532592773,534.1214752197266,130.31996154785156,108.593505859375
1422.4597473144531,531.9629516601562,142.36282348632812,111.48995971679688
1440.4642715454102,530.0701332092285,146.90541076660156,113.71700286865234
1443.0294876098633,533.1235542297363,141.9584503173828,111.67613983154297
1449.6332321166992,536.9481048583984,141.70079040527344,107.3082275390625
1456.4952774047852,531.7873992919922,134.3222198486328,113.00015258789062
1463.914649963379,525.5474967956543,129.2252655029297,120.04007720947266
1467.545883178711,536.3427276611328,127.249267578125,109.22967529296875
1467.7098999023438,531.7790374755859,134.30670166015625,113.75991821289062
1469.433952331543,533.5355567932129,134.26820373535156,112.10814666748047
1467.8380508422852,536.3107872009277,135.4191131591797,109.23291778564453
1467.0705184936523,530.8646430969238,136.42091369628906,115.64519500732422
1468.5979919433594,535.3769798278809,126.11276245117188,111.00092315673828
1464.9205627441406,537.356517791748,128.19781494140625,107.6171646118164
1459.9111709594727,539.6412544250488,131.4975128173828,106.32942962646484
1451.8802108764648,540.8236808776855,136.74903869628906,105.1436538696289
1444.1561126708984,539.6243782043457,139.17385864257812,105.5382308959961
1434.7207641601562,537.6335144042969,143.36712646484375,106.57772827148438
1422.885498046875,536.1231079101562,147.87274169921875,108.9453125
1412.2403945922852,533.8188323974609,128.29246520996094,108.63134765625
1399.1884765625,532.804084777832,152.98916625976562,109.66148376464844
1389.8124237060547,533.1254959106445,150.91204833984375,110.65550231933594
1382.1156845092773,533.6961936950684,147.6401824951172,107.89673614501953
1366.6311111450195,534.653507232666,147.25303649902344,106.45873260498047
1360.0519180297852,536.5284538269043,144.5370330810547,103.88062286376953
1353.5756378173828,540.3051376342773,136.44842529296875,100.42179870605469
1339.290428161621,537.1589584350586,132.17234802246094,100.01991271972656
1336.3147315979004,545.8784942626953,117.57585906982422,94.906982421875
1326.442470550537,548.837329864502,118.32254791259766,94.3457260131836
1322.605323791504,546.9737434387207,116.48725891113281,94.20330047607422
1322.8928146362305,509.0086898803711,113.69502258300781,128.7457733154297
1341.0255165100098,512.432804107666,98.63433074951172,111.76168060302734
1316.4589614868164,509.83610916137695,103.24299621582031,125.3281478881836
1283.05810546875,514.511589050293,122.06890869140625,118.66770935058594
1269.814308166504,513.82470703125,134.3014373779297,118.0059814453125
1259.2177047729492,511.9762268066406,136.0415802001953,121.68728637695312
1244.7878189086914,513.0705032348633,118.11592102050781,120.44038391113281
1238.6278915405273,515.0707931518555,115.26191711425781,121.22019958496094
1215.1570930480957,516.4773368835449,126.69237518310547,116.65332794189453
1205.0155448913574,519.0071449279785,120.23535919189453,114.10091400146484
1196.8206481933594,521.0076179504395,115.34255981445312,112.04436492919922
1186.7863464355469,520.940746307373,115.56988525390625,111.6839370727539
1176.4749374389648,521.8767929077148,111.65931701660156,110.44371032714844
1073.1764907836914,523.7108039855957,198.32505798339844,105.64339447021484
1069.8507385253906,521.2570648193359,197.0042724609375,108.57589721679688
1082.2925872802734,515.7504081726074,166.08773803710938,112.69681549072266
1071.6909713745117,513.1087799072266,170.66896057128906,115.17300415039062
1079.6754150390625,514.4303512573242,147.1904296875,113.64649963378906
1076.5733184814453,513.9027976989746,134.54721069335938,113.51325225830078
1069.7917861938477,516.2427597045898,133.79393005371094,110.63169860839844
1066.5599060058594,515.8515968322754,134.53201293945312,109.24764251708984
1063.670509338379,514.9542922973633,131.51783752441406,109.28538513183594
1054.9949264526367,511.5808639526367,115.94960021972656,112.81565856933594
1042.7378158569336,513.8839874267578,112.69480895996094,109.52761840820312
1029.7053413391113,515.1112594604492,119.73723602294922,108.01176452636719
1030.080867767334,512.8622550964355,112.10755157470703,109.67328643798828
1001.8887214660645,512.1655540466309,126.53170013427734,110.14673614501953
961.8586502075195,512.2531089782715,163.8875274658203,108.70923614501953
957.0079345703125,516.1272239685059,165.80093383789062,104.65686798095703
959.9802703857422,512.4346199035645,165.35455322265625,107.03585052490234
959.1292724609375,511.60078048706055,154.42678833007812,107.61490631103516
959.3914642333984,510.2626266479492,146.77239990234375,107.97041320800781
955.4646377563477,515.3906898498535,133.6852264404297,102.89507293701172
952.8512420654297,511.6146354675293,122.93218994140625,107.17676544189453
951.7446746826172,512.5972557067871,101.60379028320312,107.28141021728516
943.8059921264648,515.1617088317871,98.43553161621094,103.13715362548828
937.1191329956055,514.6662826538086,100.80021667480469,102.63520812988281
923.6310501098633,519.0000495910645,110.10246276855469,98.06139373779297
911.5531959533691,522.9948348999023,116.00646209716797,94.33259582519531
909.1009750366211,520.5274696350098,115.63371276855469,95.44017791748047
910.9326171875,521.5104141235352,111.853271484375,96.06385803222656
908.2896461486816,513.9426498413086,114.52449798583984,102.12965393066406
909.9677810668945,523.0645332336426,113.82450866699219,93.68828582763672
911.0501251220703,513.7945556640625,121.77218627929688,103.38986206054688
912.8454895019531,520.257209777832,123.45858764648438,96.84837341308594
909.1119804382324,513.8349418640137,120.16422271728516,102.55628204345703
909.6969604492188,520.7605628967285,146.40847778320312,96.69036102294922
910.2121925354004,514.9159164428711,114.89665985107422,101.24739074707031
908.2452125549316,521.1018829345703,113.19939422607422,96.32080078125
909.5463027954102,515.7822914123535,113.25245666503906,102.19173431396484
910.6866340637207,513.0075340270996,115.21739959716797,104.92530059814453
912.7865219116211,519.918758392334,113.90898132324219,98.44922637939453
914.2782821655273,511.80854415893555,118.94377136230469,107.25882720947266
920.5375900268555,510.05072021484375,116.81550598144531,109.486083984375
943.6538124084473,507.37844467163086,101.99309539794922,113.7359390258789
934.9445991516113,517.2952194213867,112.00829315185547,101.74342346191406
941.0815467834473,505.8746910095215,110.81066131591797,113.10794830322266
943.8435668945312,508.6242218017578,107.83816528320312,111.154296875
948.4723281860352,509.1565132141113,108.85218811035156,111.68529510498047
953.7308387756348,508.3928985595703,115.30199432373047,113.03793334960938
958.1721954345703,509.15672302246094,124.71978759765625,113.08221435546875
958.5110321044922,511.25060653686523,128.25790405273438,111.89160919189453
958.9285011291504,517.6627769470215,126.55400848388672,105.0008316040039
958.7655220031738,522.740478515625,122.33824920654297,101.23526000976562
958.109790802002,510.1013870239258,122.2118148803711,112.56047058105469
955.9680862426758,510.3168144226074,110.44715881347656,111.74686431884766
960.2986793518066,513.6082878112793,117.90560150146484,108.04825592041016
958.5707092285156,515.5362319946289,122.39645385742188,107.16615295410156
973.1028518676758,520.4049606323242,117.44395446777344,101.50856018066406
980.9870452880859,522.6354560852051,117.9227294921875,97.24706268310547
1052.317584991455,527.0522384643555,72.87377166748047,94.37983703613281
1051.7944107055664,534.208667755127,103.96504211425781,90.8856430053711
1063.3125343322754,535.8674278259277,67.57918548583984,89.19412994384766
1067.9669246673584,530.5420532226562,56.82316970825195,91.38519287109375
1067.7346305847168,529.5291137695312,63.415931701660156,91.41781616210938
1065.5596771240234,531.4659767150879,65.39407348632812,93.02806854248047
1069.1273727416992,531.2690773010254,75.70793151855469,93.38875579833984
1066.9950866699219,532.8994445800781,86.4862060546875,93.85400390625
1066.463478088379,533.0206146240234,95.18055725097656,87.60659790039062
1061.4944686889648,531.0893402099609,78.24879455566406,79.43252563476562
1068.7167510986328,531.4738388061523,117.6124267578125,86.46366882324219
1067.1345291137695,529.3123970031738,150.8845977783203,94.2162094116211
1062.7692337036133,522.0963401794434,166.8717803955078,109.50418853759766
1085.146484375,530.9084014892578,147.63693237304688,103.5322265625
1161.558120727539,528.3742408752441,95.09423828125,103.14226531982422
1161.968406677246,534.949634552002,90.39729309082031,94.11302947998047
1169.589973449707,534.3620109558105,94.13377380371094,93.48944854736328
1172.6327285766602,534.6060180664062,94.96226501464844,93.91412353515625
1176.1638412475586,531.4235687255859,93.93931579589844,97.74337768554688
1183.248950958252,524.4669189453125,89.93376922607422,103.46881103515625
1185.96488571167,522.9559097290039,92.02765655517578,105.47978210449219
1189.11421585083,522.563549041748,105.81099700927734,106.6526870727539
1189.6574363708496,522.909610748291,107.28229522705078,106.2962875366211
1191.6465530395508,523.9702110290527,106.17939758300781,104.7203140258789
1193.269889831543,521.4560623168945,100.79609680175781,107.50920104980469
1195.3083839416504,521.3843688964844,96.2331771850586,106.32559204101562
1196.8229331970215,522.1278877258301,94.1026382446289,104.84258270263672
1198.561882019043,520.4196434020996,88.71278381347656,105.6597671508789
1199.2162475585938,520.8723602294922,82.15066528320312,105.84393310546875
1199.51265335083,522.1560173034668,78.16417694091797,103.55655670166016
1200.5907669067383,520.9162139892578,72.63923645019531,104.30731201171875
1201.0787048339844,520.3240623474121,70.50384521484375,103.69214630126953
1199.1564903259277,521.3780174255371,70.06134796142578,102.83683013916016
1196.5122718811035,523.3615989685059,76.92259979248047,99.46826934814453
1192.116439819336,521.5170516967773,68.40786743164062,100.90388488769531
1183.5261726379395,524.5680389404297,77.5780258178711,99.10946655273438
1178.1094779968262,521.9923782348633,83.57828521728516,99.38005065917969
1071.3785095214844,519.4256401062012,158.31651306152344,102.61920928955078
1160.970386505127,521.6945877075195,87.17444610595703,98.05317687988281
1156.9367446899414,518.1057281494141,91.7254638671875,102.356201171875
1063.7451400756836,520.8052978515625,149.02886962890625,98.01181030273438
1064.093360900879,519.2941246032715,139.79983520507812,98.1974868774414
1067.0159530639648,516.6710510253906,122.57864379882812,99.8863525390625
1065.3072204589844,516.6569976806641,118.20375061035156,101.47103881835938
1064.3113288879395,516.9333724975586,119.2914810180664,98.86396789550781
1065.4653053283691,515.8291053771973,93.0770034790039,89.0246810913086
1069.5493850708008,517.745189666748,94.7176513671875,97.5940933227539
1065.5499687194824,517.2900848388672,79.82061004638672,96.52774047851562
1066.6123847961426,516.1128921508789,89.1913833618164,98.40940856933594
1067.8607635498047,517.9908218383789,62.25157165527344,93.60469055175781
1068.1074829101562,516.3770637512207,69.91670227050781,97.3288803100586
1066.072494506836,517.3060035705566,104.30641174316406,99.69158172607422
1060.1315994262695,512.1986312866211,107.80435180664062,100.70127868652344
1047.4382019042969,513.6491889953613,90.56227111816406,98.81917572021484
1045.8751754760742,513.5689544677734,108.66009521484375,100.46066284179688
1048.3284187316895,512.6418190002441,101.78189849853516,103.31966400146484
1042.754409790039,516.9512405395508,105.96006774902344,99.67945861816406
1032.854019165039,517.7575759887695,114.12278747558594,99.10456848144531
1036.4557800292969,516.6350250244141,104.58274841308594,100.2545166015625
1041.2610816955566,517.8837127685547,96.37995147705078,98.387451171875
1038.0749626159668,516.3404083251953,98.4043197631836,100.32196044921875
1026.5903053283691,515.6103668212891,107.26871490478516,100.49319458007812
1028.7813262939453,513.8607597351074,100.56086730957031,102.7911148071289
1027.4557037353516,512.8344573974609,99.59883117675781,103.75213623046875
1024.633415222168,512.8222389221191,101.40396118164062,104.34069061279297
1022.6988945007324,513.0315208435059,103.3620834350586,104.26117706298828
1019.9622192382812,513.3396339416504,105.65449523925781,104.04647064208984
1013.3395919799805,513.2819023132324,112.93399047851562,104.32276153564453
1009.0506019592285,512.4771385192871,117.4102554321289,104.70679473876953
999.937328338623,510.7075729370117,126.2400131225586,106.56385803222656
998.1684951782227,510.9427833557129,127.38815307617188,107.05400848388672
992.0016403198242,513.5588531494141,131.77520751953125,105.46420288085938
968.2799835205078,514.6953544616699,153.47923278808594,104.05631256103516
971.9247589111328,515.4755973815918,149.82252502441406,101.22126007080078
956.3917083740234,508.3420295715332,164.0623016357422,108.72469329833984
952.0790481567383,510.63570404052734,155.13763427734375,106.92414855957031
946.9709396362305,503.6879692077637,120.056884765625,113.78022003173828
950.7803192138672,506.0748748779297,111.74925231933594,109.9693603515625
944.6821403503418,505.48680114746094,108.67888641357422,111.37030029296875
944.6151733398438,504.3759574890137,103.33445739746094,112.14423370361328
938.6791496276855,505.076602935791,104.91210174560547,110.78984832763672
937.8636856079102,505.15954208374023,105.3494873046875,111.34159088134766
937.9567184448242,500.2870903015137,98.991943359375,113.21918487548828
934.5939445495605,500.8580780029297,102.94255828857422,113.0592041015625
921.3992347717285,500.9577407836914,105.98175811767578,112.51579284667969
913.7790145874023,501.8153190612793,110.88125610351562,111.2605972290039
908.464786529541,502.2820281982422,114.07975006103516,110.9691162109375
902.3216705322266,503.8183250427246,118.75398254394531,109.27588653564453
897.2738571166992,505.30155181884766,121.57476806640625,107.30943298339844
894.2221946716309,501.57555770874023,125.64263153076172,110.93994903564453
884.8260955810547,504.5298309326172,134.50184631347656,109.10281372070312
873.0045166015625,500.6557731628418,144.0532989501953,108.49036407470703
861.4209060668945,521.817569732666,162.55352783203125,88.25740814208984
855.8771667480469,507.91462326049805,162.4631805419922,104.07434844970703
846.6003494262695,495.69974517822266,175.50283813476562,114.95109558105469
855.9021301269531,512.3263664245605,191.7916717529297,90.5763931274414
845.5919647216797,499.98755645751953,174.2089385986328,108.67094421386719
831.3969268798828,498.40497970581055,191.64698791503906,108.6517105102539
819.713737487793,500.0410614013672,211.5511474609375,107.43844604492188
824.183952331543,519.4735946655273,195.23150634765625,87.08760070800781
827.7763824462891,502.79040145874023,194.2191925048828,105.61270904541016
804.0035552978516,505.981143951416,211.57679748535156,104.7433090209961
809.94677734375,507.8677673339844,216.81468200683594,97.44601440429688
812.8776473999023,508.3582077026367,207.9864501953125,97.26603698730469
802.6127319335938,504.37538146972656,225.76853942871094,102.1663818359375
787.7257537841797,504.48914337158203,251.6649932861328,101.24653625488281
789.6253356933594,506.1845893859863,251.7306365966797,96.89342498779297
778.593620300293,509.3066101074219,273.82659912109375,99.10000610351562
954.1672134399414,519.4231948852539,168.34481811523438,84.12123107910156
976.1762390136719,520.6646347045898,153.7508087158203,86.62666320800781
1052.834732055664,529.254997253418,76.00596618652344,73.63932800292969
1052.8289527893066,532.0811424255371,74.09040069580078,73.52777862548828
1054.818172454834,532.9578552246094,72.2409896850586,74.36245727539062
1056.0250129699707,529.8975601196289,71.3119888305664,78.61253356933594
1058.027702331543,533.5652236938477,68.49038696289062,74.33872985839844
1050.257942199707,532.0113983154297,76.9630126953125,75.95639038085938
1042.099739074707,531.8484573364258,83.81951904296875,75.15446472167969
1051.8276748657227,530.867546081543,77.6710205078125,74.33061218261719
1051.5712699890137,532.6894874572754,74.42455291748047,74.22972869873047
1045.312656402588,533.5475540161133,81.61771392822266,73.55796813964844
1052.8137283325195,531.3987998962402,77.15838623046875,75.02933502197266
1056.099479675293,533.9072608947754,69.9537353515625,73.63903045654297
1056.4214477539062,530.512638092041,71.77491760253906,77.53142547607422
1056.7767066955566,534.2757530212402,69.3301773071289,73.44055938720703
1056.9569816589355,533.8059616088867,71.08745574951172,74.19361877441406
1054.8176536560059,534.4089088439941,72.03795623779297,73.7031478881836
1054.7756156921387,531.6143112182617,72.89269256591797,76.61735534667969
1056.0849914550781,534.0183486938477,69.51268005371094,74.09410095214844
1056.4155158996582,533.4471092224121,71.43582916259766,74.58478546142578
1053.6684951782227,531.9184951782227,73.56497192382812,74.51933288574219
1053.6741523742676,532.297435760498,72.98578643798828,74.65436553955078
1054.2799797058105,533.0563049316406,73.23406219482422,73.77960205078125
1057.0214309692383,533.2225151062012,70.28952026367188,74.84516143798828
1056.3585319519043,534.0290412902832,69.91320037841797,73.44835662841797
1057.8775100708008,533.5000419616699,69.10574340820312,74.69086456298828
1057.8681411743164,533.4423217773438,69.23934936523438,74.21109008789062
1056.0699996948242,533.486629486084,70.5206298828125,73.7944107055664
1056.811180114746,532.6886558532715,69.58737182617188,74.8798599243164
1056.5321578979492,528.6627731323242,70.37640380859375,78.86549377441406
1057.8522605895996,530.5559883117676,68.48345184326172,76.20690155029297
1055.8672714233398,531.4776077270508,71.25009155273438,75.09159851074219
1057.9683380126953,529.5302848815918,69.94480895996094,77.34400177001953
1057.5927085876465,530.6375503540039,70.22051239013672,75.91825866699219
1057.7606201171875,530.6442108154297,69.56541442871094,76.04937744140625
1058.3602561950684,530.5640068054199,68.75127410888672,76.0494155883789
1058.4754257202148,529.9047584533691,68.4822998046875,76.52556610107422
1055.5150909423828,531.5292167663574,70.56230163574219,74.6397476196289
1060.3853187561035,530.7413024902344,68.12357330322266,75.04257202148438
1053.2583618164062,529.0487442016602,73.12413024902344,77.79689025878906
1053.3438186645508,528.660083770752,72.91610717773438,76.06072235107422
972.8191680908203,522.9874000549316,145.61444091796875,76.1355209350586
945.6259765625,508.6684799194336,177.05780029296875,95.72987365722656
929.6653442382812,521.7123947143555,194.2362060546875,85.32032775878906
921.6902885437012,515.3444862365723,105.4311294555664,94.4969711303711
941.8223991394043,512.0676116943359,95.12955474853516,98.41470336914062
949.161678314209,512.9601249694824,93.0896987915039,99.29853057861328
951.9980163574219,516.2917404174805,98.46917724609375,96.64845275878906
956.5359764099121,516.4416770935059,96.08942413330078,97.14673614501953
960.3354797363281,518.5634574890137,103.92352294921875,93.2603530883789
959.6195831298828,514.0881767272949,118.51617431640625,98.58484649658203
958.3524398803711,511.5271987915039,142.31898498535156,102.02766418457031
957.5615386962891,518.2264709472656,149.48834228515625,94.69985961914062
960.2293395996094,513.7518501281738,154.75338745117188,99.81209564208984
958.2717819213867,516.2212257385254,156.56544494628906,96.95809173583984
958.5077056884766,517.9462013244629,166.906494140625,96.3966293334961
960.2481536865234,520.8844947814941,163.5592041015625,93.20137786865234
957.0688705444336,518.0753135681152,167.7056427001953,95.7204360961914
1015.4561195373535,518.0428733825684,113.49279022216797,96.80008697509766
1029.5003128051758,517.6622619628906,102.37187194824219,99.32107543945312
1040.537712097168,517.8290672302246,108.71391296386719,98.76322174072266
1039.0334587097168,518.2000541687012,107.26490020751953,97.54822540283203
1048.0323753356934,516.4297103881836,106.69535064697266,100.41703796386719
1052.9562873840332,518.0338745117188,106.4797592163086,98.69686889648438
1055.7524452209473,517.4526710510254,104.14815521240234,99.63741302490234
1061.336326599121,517.907772064209,103.71958923339844,99.50443267822266
1061.249740600586,518.5473785400391,107.45574951171875,98.8450927734375
1065.6454238891602,518.6494255065918,110.73988342285156,99.71475982666016
1062.6475448608398,518.6396713256836,116.98384094238281,99.59913635253906
1066.126853942871,520.3363380432129,117.03956604003906,98.27413177490234
1063.5335540771484,518.7942543029785,123.054443359375,99.79857635498047
1065.7137603759766,518.5877838134766,129.2821044921875,99.93951416015625
1066.9746475219727,519.3772277832031,130.51393127441406,100.076171875
1066.7147521972656,518.337100982666,138.4810791015625,102.2782211303711
1066.9674072265625,520.5617485046387,145.47576904296875,99.98615264892578
1069.2620086669922,520.1293830871582,151.0782470703125,100.78133392333984
1070.1022186279297,519.9358825683594,147.17221069335938,101.4677734375
1070.7970428466797,519.4873085021973,151.0516357421875,102.6976547241211
1071.361083984375,519.7270965576172,155.53469848632812,102.93731689453125
1074.3693389892578,519.0700187683105,159.52130126953125,103.67288970947266
1078.584602355957,520.7493743896484,164.72425842285156,102.45339965820312
1079.5139236450195,522.850887298584,166.7666778564453,100.07459259033203
1086.6776733398438,519.7140197753906,167.71847534179688,105.35247802734375
1141.681266784668,521.3900604248047,117.08103942871094,104.01718139648438
1081.8616943359375,519.0253067016602,186.583251953125,106.93669128417969
1163.7868003845215,521.8175048828125,111.80396270751953,104.0623779296875
1167.2965850830078,520.9594459533691,109.3270263671875,106.8896713256836
1176.789623260498,520.1583213806152,107.50556182861328,107.8722915649414
1180.282054901123,520.1750144958496,109.45255279541016,107.56317901611328
1184.3800468444824,521.9398994445801,111.6977310180664,106.6584701538086
1189.8773193359375,521.2722320556641,112.73907470703125,107.60678100585938
1194.8059577941895,519.4412269592285,113.81621551513672,110.31233978271484
1199.7396926879883,518.711009979248,118.78971862792969,111.52228546142578
1202.662841796875,518.8734359741211,122.99203491210938,111.54832458496094
1208.366024017334,518.5859756469727,122.35974884033203,112.50727844238281
1213.2458305358887,520.383617401123,116.37696075439453,109.8315200805664
1211.2071838378906,519.2630882263184,117.98580932617188,111.17816925048828
1210.5610656738281,513.2207450866699,120.440673828125,116.86310577392578
1212.1973190307617,515.6314849853516,117.76783752441406,115.04168701171875
1209.3321151733398,519.7102279663086,122.11009216308594,111.69306945800781
1212.6665496826172,518.6918983459473,115.89013671875,112.0995101928711
1209.9054985046387,519.7434501647949,114.06476593017578,111.79401397705078
1209.166877746582,518.9682655334473,110.10087585449219,112.6493148803711
1213.980670928955,519.5155448913574,100.0774154663086,113.01432037353516
1208.6261940002441,519.9289169311523,101.6521224975586,112.72090148925781
1212.1942749023438,520.5034866333008,93.99835205078125,112.13639831542969
1215.2490463256836,516.7555694580078,82.89967346191406,115.81442260742188
1216.4469375610352,515.8064956665039,76.92713928222656,115.96595764160156
1215.8133964538574,516.2268905639648,77.44034576416016,115.47480773925781
1205.0833053588867,516.3988075256348,78.77412414550781,116.67113494873047
1199.2527351379395,516.7341232299805,86.3597640991211,115.62593078613281
1195.8073806762695,514.2618827819824,89.67460632324219,117.66239166259766
1185.8967971801758,513.4677886962891,106.34584045410156,118.85540771484375
1175.7677764892578,515.1540451049805,91.81765747070312,117.57728576660156
1069.4942016601562,515.3019561767578,160.76638793945312,113.42160034179688
1089.061134338379,512.5482292175293,129.53944396972656,117.7138442993164
1067.887550354004,515.0808906555176,132.01515197753906,111.0230941772461
1071.4578323364258,514.3619842529297,134.98121643066406,114.60794067382812
1068.1816329956055,514.613151550293,132.50318908691406,115.25608825683594
1068.1266555786133,515.2080383300781,114.16532897949219,114.521240234375
1070.73046875,517.201000213623,88.91244506835938,89.48676300048828
1067.9372367858887,514.5161399841309,81.03153228759766,96.01187896728516
1065.2805938720703,518.7795753479004,64.770751953125,86.57540130615234
1067.4673824310303,524.7287330627441,52.33476638793945,76.14739227294922
1058.3857536315918,531.0113143920898,49.435157775878906,68.53578186035156
1054.138931274414,522.8522644042969,93.618896484375,75.69056701660156
1067.8185119628906,530.6221961975098,125.88204956054688,100.1094741821289
