919.0,472.0,145.0,184.0
895.5532913208008,501.1584167480469,204.0596160888672,134.19879150390625
891.4037017822266,501.90833282470703,209.25717163085938,134.6960906982422
891.0086517333984,505.60900115966797,213.11935424804688,130.03761291503906
889.7837142944336,504.5246276855469,209.9950714111328,133.5546875
890.4022598266602,504.79991149902344,212.1671600341797,130.65798950195312
895.5014495849609,506.17120361328125,211.35702514648438,130.2823486328125
894.1568450927734,505.4090270996094,212.26834106445312,128.46014404296875
890.3136749267578,507.31926345825195,209.34841918945312,124.91878509521484
898.4079208374023,506.8908920288086,206.06129455566406,132.8334503173828
891.7666015625,507.33457946777344,204.65667724609375,129.04440307617188
892.2979431152344,508.18527603149414,216.87060546875,122.44579315185547
894.2389450073242,503.93304443359375,209.61805725097656,130.1876220703125
891.8091125488281,501.8037338256836,209.217041015625,124.66627502441406
892.8852996826172,503.3250274658203,204.46664428710938,127.01828002929688
886.0959854125977,506.6396789550781,210.6027069091797,121.71856689453125
835.247673034668,493.9858856201172,191.47694396972656,135.86636352539062
841.1175079345703,486.3898620605469,192.87496948242188,138.20489501953125
819.2497406005859,501.3253479003906,240.41561889648438,131.19622802734375
899.7175979614258,501.2293930053711,219.0872039794922,129.8072052001953
958.5256881713867,507.5631790161133,223.31959533691406,122.84672546386719
992.5900421142578,526.8888320922852,218.21408081054688,113.54631042480469
1009.4742889404297,544.1251335144043,202.41610717773438,117.3235855102539
1003.1765975952148,548.5044097900391,202.70277404785156,120.06362915039062
956.2560653686523,557.6164245605469,225.29444885253906,115.4541015625
876.5961456298828,570.6474418640137,216.93927001953125,127.7308120727539
829.7789154052734,573.4525833129883,198.34234619140625,143.01463317871094
817.2902908325195,579.6820220947266,215.6278839111328,137.47622680664062
830.7240447998047,593.1992645263672,202.43804931640625,128.92251586914062
833.614875793457,590.4933471679688,222.6751251220703,136.9766845703125
839.7811737060547,589.9022674560547,218.55950927734375,149.50650024414062
825.6562118530273,588.8512802124023,228.23802185058594,148.9683380126953
837.1129684448242,597.6613998413086,239.10533142089844,151.90467834472656
865.2098617553711,599.0155181884766,219.5236053466797,151.62869262695312
915.7965621948242,598.9713897705078,208.67991638183594,153.69192504882812
932.7265548706055,600.5270538330078,205.2783660888672,151.55654907226562
949.7677917480469,601.82373046875,196.44406127929688,145.8770751953125
944.9125518798828,606.0338897705078,192.39080810546875,142.27627563476562
934.9536972045898,611.7109146118164,202.1995086669922,129.89048767089844
963.5425109863281,605.5131912231445,210.37765502929688,132.26292419433594
984.3004531860352,601.8971786499023,217.14881896972656,135.72035217285156
1014.8882446289062,605.9181137084961,235.82815551757812,128.22938537597656
1071.4104690551758,607.163818359375,196.07545471191406,140.6759033203125
1053.4229888916016,603.0489196777344,203.09954833984375,133.43377685546875
946.7440414428711,605.4502830505371,247.51417541503906,125.70734405517578
863.912841796875,615.3131942749023,228.64532470703125,121.79603576660156
875.0638198852539,609.2732772827148,193.80113220214844,130.9774932861328
879.2742614746094,605.2866516113281,195.31036376953125,139.216552734375
897.9427719116211,615.3703575134277,200.1035919189453,127.77832794189453
897.637565612793,620.3517074584961,205.49256896972656,130.13929748535156
896.3366317749023,624.5651397705078,201.62623596191406,126.04159545898438
897.7223739624023,628.2863082885742,226.6825714111328,126.46925354003906
892.7069854736328,639.5974273681641,227.75839233398438,117.90682983398438
917.5428695678711,650.4703750610352,192.74281311035156,119.97898864746094
921.9966049194336,640.1740455627441,205.2189483642578,125.83123016357422
948.2626190185547,633.8939514160156,205.94400024414062,124.41900634765625
947.0965805053711,634.6251983642578,211.63063049316406,113.21774291992188
952.1347885131836,631.4102668762207,202.25477600097656,113.73799896240234
950.8995056152344,628.0804481506348,201.2606201171875,116.86132049560547
950.3792114257812,629.3487167358398,212.26873779296875,111.76258850097656
945.1183471679688,628.2835922241211,206.1337890625,120.40699768066406
945.6782608032227,627.8708381652832,205.17906188964844,112.7539291381836
948.2882614135742,623.378791809082,205.75257873535156,115.09086608886719
941.148811340332,618.7716178894043,207.5099334716797,117.10208892822266
934.0983963012695,617.9861831665039,194.6854705810547,116.60807800292969
934.5575332641602,615.607551574707,195.28977966308594,115.08146667480469
938.6417694091797,613.7965240478516,203.06967163085938,120.85739135742188
940.9815368652344,617.7553482055664,214.2166748046875,108.54869079589844
943.7190475463867,617.2919883728027,205.9641876220703,119.05158233642578
991.4467620849609,616.1223106384277,211.13864135742188,117.08106231689453
1070.19873046875,622.5435104370117,184.91778564453125,138.4015655517578
1052.0310974121094,635.0043258666992,196.226806640625,139.9339141845703
991.8773803710938,645.9311904907227,224.8267822265625,131.05247497558594
894.1692581176758,650.5419540405273,247.7524871826172,122.48677062988281
898.4639434814453,647.9065933227539,193.19937133789062,116.75627136230469
895.0906143188477,638.6497764587402,225.43394470214844,105.52680206298828
945.515869140625,627.82470703125,205.3253173828125,107.90582275390625
988.1080551147461,630.9623794555664,196.90895080566406,106.01982116699219
995.2947769165039,637.8209228515625,194.4105682373047,112.97100830078125
1002.3794326782227,649.7726783752441,199.4524383544922,115.22527313232422
1005.3653869628906,657.8769760131836,185.314453125,133.0366973876953
946.8634033203125,665.2524147033691,235.0634765625,124.56005096435547
877.6004028320312,680.5884170532227,187.34613037109375,140.1088104248047
877.0071411132812,686.5418319702148,202.5262451171875,143.9489288330078
885.5847091674805,701.53759765625,206.88185119628906,132.59490966796875
911.2015991210938,726.001350402832,211.0654296875,120.46354675292969
911.6902160644531,728.8657684326172,219.20928955078125,129.69345092773438
924.9297027587891,721.1955490112305,207.27828979492188,126.57905578613281
936.9441680908203,708.635124206543,213.01535034179688,123.85713195800781
954.8469924926758,698.4607925415039,203.9000701904297,127.66734313964844
963.1106567382812,691.3760375976562,198.29510498046875,132.3897705078125
1002.9759292602539,676.834358215332,207.9614715576172,145.77635192871094
1038.0452041625977,681.794792175293,170.51365661621094,140.94093322753906
1028.5950241088867,697.2699127197266,205.4389190673828,148.53475952148438
980.9947814941406,722.7084579467773,198.15252685546875,140.38880920410156
964.7498474121094,720.7674713134766,221.133544921875,128.91445922851562
965.0060653686523,716.2543106079102,167.48451232910156,137.74485778808594
949.5586776733398,712.0663833618164,194.3039093017578,121.88841247558594
942.2092437744141,698.2064743041992,200.92501831054688,135.3164825439453
957.4576416015625,683.6531066894531,203.9375,125.4051513671875
982.3442611694336,676.3869094848633,193.51515197753906,142.00425720214844
989.2247467041016,683.3835220336914,191.91567993164062,130.7585906982422
962.2917785644531,711.371467590332,186.98651123046875,134.5223846435547
949.5444259643555,712.7685928344727,217.63392639160156,124.98020935058594
952.3161239624023,715.1065521240234,214.4798126220703,125.24111938476562
993.5118103027344,690.7890014648438,225.12225341796875,139.117431640625
1043.8610458374023,670.4361419677734,199.8140411376953,150.54348754882812
996.5181427001953,654.3909378051758,256.6428527832031,115.62248229980469
1024.5374298095703,640.7699546813965,266.7632141113281,121.36347198486328
1034.4697723388672,629.6676406860352,275.0152893066406,131.40391540527344
1116.7141571044922,624.6445999145508,280.4833068847656,132.84593200683594
1124.1779556274414,645.3393020629883,217.0856170654297,137.76976013183594
1078.8513793945312,670.0949554443359,203.69622802734375,140.29446411132812
1043.3389129638672,693.3165969848633,203.61001586914062,120.26145935058594
1005.9175415039062,702.3276214599609,201.81927490234375,124.48257446289062
1033.7221145629883,704.8899765014648,201.30027770996094,135.6995391845703
983.8503799438477,720.4282188415527,218.4071502685547,126.38983917236328
960.6766891479492,720.6438751220703,198.69715881347656,122.62161254882812
935.0872116088867,722.9496040344238,227.4466094970703,125.6111068725586
923.0641021728516,720.6131134033203,234.74868774414062,131.55606079101562
941.3107452392578,725.2160453796387,269.0481872558594,123.69510650634766
951.30859375,725.6198692321777,282.16119384765625,121.93500518798828
1037.5469818115234,717.5918960571289,270.9386901855469,130.8878631591797
1033.3353958129883,717.068717956543,254.9039764404297,129.26832580566406
927.1744537353516,724.3725166320801,269.2149353027344,124.8821029663086
958.0171127319336,719.4390068054199,231.99452209472656,121.68631744384766
918.2698593139648,719.1825141906738,228.5452423095703,127.7671127319336
931.3261566162109,715.9283981323242,212.69314575195312,130.0088653564453
932.0826416015625,715.1187133789062,203.11767578125,141.31549072265625
909.6709060668945,719.9764556884766,232.66856384277344,122.29989624023438
935.4300537109375,719.9950103759766,240.36395263671875,128.16287231445312
976.2999725341797,714.6111068725586,268.7428894042969,129.20423889160156
1044.5361938476562,720.1125068664551,257.52587890625,120.4446029663086
1071.1095733642578,716.7456665039062,261.8771057128906,128.09368896484375
1006.5338745117188,720.3551330566406,276.319580078125,125.81500244140625
977.505012512207,715.122386932373,244.54454040527344,125.6930923461914
917.2448577880859,715.6891098022461,256.3839416503906,132.5547637939453
920.1591644287109,717.5597152709961,238.65768432617188,132.1243438720703
928.2083892822266,715.188346862793,245.42721557617188,128.2974395751953
931.2018890380859,719.2911834716797,289.5608825683594,123.33578491210938
978.2856674194336,724.111930847168,231.5386505126953,125.65992736816406
971.7267532348633,723.4253463745117,242.78172302246094,133.7571563720703
989.9964141845703,732.0029525756836,228.19082641601562,136.56129455566406
983.196533203125,737.7855224609375,242.93487548828125,137.3101806640625
993.0920715332031,740.6729545593262,277.20538330078125,124.13578033447266
1016.7782745361328,740.6424293518066,271.3385925292969,122.69896697998047
1017.0818481445312,743.1564674377441,271.5379638671875,119.07360076904297
1019.1110610961914,737.4736175537109,254.8169403076172,125.24819946289062
975.052604675293,734.8442306518555,205.0481719970703,126.69734191894531
931.0122680664062,730.4343376159668,264.91387939453125,122.3305435180664
948.3244018554688,728.1396141052246,224.60540771484375,125.17694854736328
953.7987365722656,730.0880737304688,285.19921875,139.012939453125
1042.120346069336,729.4490280151367,261.4861755371094,129.5744171142578
1040.998306274414,739.4071311950684,263.9394226074219,126.35932159423828
993.8268127441406,742.6259613037109,270.86328125,121.53170776367188
936.4919815063477,738.9195022583008,243.45201110839844,128.88670349121094
916.6709899902344,734.8519744873047,247.34674072265625,131.64077758789062
915.4246826171875,734.0801200866699,263.74969482421875,121.71683502197266
948.5602722167969,742.2029342651367,280.543212890625,123.92475891113281
1010.2963943481445,736.9013977050781,249.33506774902344,140.0965576171875
1009.0443115234375,740.0153884887695,275.80694580078125,126.14335632324219
1060.6314239501953,736.2713317871094,251.06808471679688,140.80413818359375
1100.156509399414,732.9515724182129,283.1083068847656,124.43651580810547
1110.4368438720703,731.1621131896973,249.80654907226562,124.73821258544922
1097.1490783691406,730.4927825927734,236.49688720703125,132.05587768554688
1028.0965881347656,736.6994209289551,244.13946533203125,127.6524887084961
953.4727935791016,740.0420074462891,285.8305969238281,126.52767944335938
935.4233627319336,740.7825965881348,247.14088439941406,125.75646209716797
928.9062881469727,737.0674476623535,249.36741638183594,127.13738250732422
924.0256042480469,741.8356246948242,264.95147705078125,130.41944885253906
961.9886474609375,739.257698059082,255.96697998046875,139.44187927246094
1004.7436218261719,736.2462272644043,283.623046875,127.1265640258789
1048.2982635498047,740.1997032165527,280.8221740722656,121.52509307861328
1101.171630859375,740.447021484375,281.40692138671875,122.89105224609375
1119.1772766113281,736.3200073242188,280.1070556640625,115.248291015625
1156.639404296875,737.6162948608398,278.80487060546875,124.62788391113281
1195.742446899414,734.5576019287109,229.02920532226562,129.03298950195312
1199.5828094482422,734.1544876098633,280.0879821777344,129.6864471435547
1203.2975769042969,737.7230682373047,269.63934326171875,124.95834350585938
1217.5592651367188,736.0274047851562,279.30535888671875,127.90106201171875
1236.9137573242188,735.6671447753906,305.63818359375,128.75018310546875
1261.960220336914,738.5927810668945,270.8065490722656,128.59800720214844
1243.35986328125,735.0861434936523,266.4095458984375,136.0967559814453
1223.7054901123047,736.5336761474609,280.3492736816406,120.13796997070312
1183.3408660888672,736.1463966369629,257.4317321777344,114.51116180419922
1145.8283462524414,733.0215644836426,230.6166229248047,121.26021575927734
1089.9467391967773,738.6956901550293,245.19886779785156,116.40909576416016
1070.7380676269531,737.4613456726074,262.63677978515625,115.3515396118164
1054.8470916748047,737.0002899169922,283.0678405761719,117.93099975585938
1042.8248748779297,737.4306755065918,294.2819519042969,114.2762222290039
1053.4065704345703,738.7474670410156,263.8974304199219,118.69683837890625
1040.030746459961,737.4391632080078,259.4542541503906,128.08236694335938
1070.020866394043,731.3294982910156,216.2486114501953,147.69317626953125
1040.3896026611328,736.9349136352539,256.2904357910156,137.66343688964844
1035.0231628417969,739.0593719482422,265.434814453125,135.70407104492188
1046.1323776245117,737.7781372070312,247.9481964111328,143.61212158203125
1082.884994506836,737.9272842407227,271.6474914550781,132.4550018310547
1093.1778564453125,738.615119934082,263.9798583984375,126.89457702636719
1093.4147186279297,740.0353202819824,255.36575317382812,125.76395416259766
1085.6875839233398,737.8541107177734,252.24171447753906,121.05923461914062
1076.6289901733398,735.6684761047363,251.8126983642578,126.2582015991211
1091.6210556030273,735.7494201660156,232.85426330566406,133.768798828125
1042.7867279052734,734.9734687805176,282.2633972167969,122.7372055053711
1009.8124237060547,737.3939361572266,255.11978149414062,123.91275024414062
994.0439453125,736.7017974853516,262.5615234375,132.34207153320312
1024.2353515625,731.7144775390625,213.73358154296875,141.2459716796875
987.9078216552734,738.892951965332,256.4436950683594,123.20939636230469
1031.8584899902344,743.7736968994141,263.42578125,131.71243286132812
1029.3289337158203,741.159294128418,275.4372863769531,116.12721252441406
1054.0655517578125,738.9357948303223,281.401123046875,127.50536346435547
1056.4689178466797,736.764518737793,257.7798156738281,129.5445098876953
1042.3107299804688,739.8506278991699,263.32257080078125,126.6735610961914
1033.1704864501953,737.4154167175293,279.3191223144531,118.4537124633789
1034.5546112060547,738.1637840270996,270.3869934082031,118.28028106689453
1031.4080200195312,733.8926734924316,257.75286865234375,122.48717498779297
1027.7300567626953,732.3054008483887,260.4779968261719,125.82791900634766
1023.8959045410156,732.4097023010254,272.881103515625,122.58031463623047
1018.5389251708984,731.470588684082,270.8952941894531,120.15867614746094
1004.1352233886719,722.1909294128418,258.80938720703125,124.6921157836914
965.5173492431641,723.8548622131348,259.3150939941406,121.34014129638672
961.6001281738281,725.0103759765625,249.67333984375,123.92449951171875
952.1380004882812,731.5071105957031,270.32794189453125,122.372314453125
984.8577880859375,727.8072204589844,287.63525390625,119.686767578125
1040.9466247558594,726.7751693725586,257.06475830078125,126.16798400878906
1041.3456420898438,727.0642585754395,251.33941650390625,126.13179779052734
1044.0895767211914,722.8409767150879,236.5854949951172,123.41136932373047
1029.0533752441406,721.3876266479492,241.43603515625,120.04219055175781
1014.6409149169922,720.0146522521973,230.20834350585938,120.52953338623047
983.2626647949219,725.686336517334,256.03948974609375,122.72272491455078
973.2841796875,722.8621139526367,269.35498046875,127.13941955566406
1016.7932586669922,725.202392578125,274.9944152832031,117.92694091796875
1028.8658142089844,718.7432556152344,270.31024169921875,123.30926513671875
1030.3816833496094,720.1555938720703,268.211181640625,121.08859252929688
1037.0384368896484,723.2255744934082,262.5606994628906,115.58138275146484
1031.08251953125,717.5380020141602,259.7755126953125,126.91246032714844
1001.3986511230469,726.6229820251465,283.15911865234375,121.44318389892578
965.1566467285156,729.8732833862305,264.84161376953125,121.76356506347656
958.4461364746094,728.2723503112793,254.6197509765625,124.5851821899414
955.2363433837891,726.8350028991699,267.7276916503906,123.5708999633789
964.5361633300781,727.5071907043457,262.18328857421875,124.99092864990234
967.6397705078125,725.8706283569336,264.93756103515625,121.75044250488281
968.7183532714844,731.5243911743164,262.919921875,119.19969177246094
971.6845855712891,726.1431274414062,262.8194885253906,123.884521484375
964.9664764404297,731.0483856201172,268.3399963378906,121.67391967773438
961.3879699707031,730.4929809570312,272.9822998046875,120.867919921875
953.7618408203125,730.7834396362305,279.04754638671875,119.36170959472656
943.1624298095703,726.2652359008789,265.3189392089844,129.8704071044922
946.5821990966797,725.1367073059082,269.1490173339844,120.54610443115234
986.6901397705078,717.1265640258789,231.67526245117188,137.1833953857422
978.8007125854492,725.5640258789062,232.87257385253906,129.620361328125
992.0285720825195,725.5828170776367,218.20164489746094,131.8733673095703
974.5752258300781,727.4005126953125,229.05059814453125,124.25372314453125
961.4403686523438,724.8647537231445,235.43695068359375,116.22093200683594
983.9539031982422,720.1787490844727,230.59390258789062,124.71098327636719
962.2264785766602,722.4594993591309,241.46141052246094,122.23468780517578
955.3709869384766,729.6638336181641,268.7605285644531,119.85861206054688
1003.2520141601562,726.1786727905273,266.210693359375,109.48951721191406
1052.4123077392578,727.9790802001953,265.1883850097656,112.56222534179688
1110.814193725586,722.7214126586914,258.1823425292969,112.25852966308594
1178.90283203125,716.4573974609375,276.169189453125,108.9847412109375
1203.6349792480469,714.0574264526367,251.88299560546875,114.58851623535156
1160.571189880371,713.6026802062988,247.2046661376953,120.22286224365234
1056.2873229980469,718.9568176269531,259.6232604980469,118.3504638671875
1009.1716613769531,722.3865394592285,244.76144409179688,118.67052459716797
949.6250457763672,715.5601272583008,258.56744384765625,131.9823455810547
975.5162048339844,711.7654571533203,209.67526245117188,138.84262084960938
897.0880126953125,717.6394424438477,272.6140441894531,127.36509704589844
915.4088134765625,725.8744735717773,249.94088745117188,131.2504425048828
905.9150085449219,734.5926551818848,260.0725402832031,125.33556365966797
922.8286895751953,745.6857223510742,272.52227783203125,130.1938018798828
946.2808380126953,744.8213424682617,279.91558837890625,120.26295471191406
882.1726684570312,626.8539886474609,429.3504333496094,241.44174194335938
933.9820709228516,691.6728057861328,538.7142944335938,139.85855102539062
836.5634307861328,707.1277618408203,531.1669311523438,141.57168579101562
748.0016632080078,736.5337677001953,435.1094970703125,132.61026000976562
894.8547821044922,741.5800552368164,286.04595947265625,132.7529754638672
906.3796081542969,728.7025604248047,267.8041076660156,136.55703735351562
948.1458282470703,722.9787750244141,271.31292724609375,137.23886108398438
1011.3686218261719,708.6394577026367,278.4562683105469,134.60279846191406
910.2257690429688,725.8788070678711,312.6997985839844,94.82612609863281
954.9939575195312,726.1325492858887,274.8414001464844,81.88626861572266
986.6277313232422,714.6038627624512,253.828369140625,82.4115982055664
1043.5652313232422,707.7298355102539,198.31756591796875,95.17362976074219
1054.6435241699219,706.2425956726074,237.07699584960938,114.6640396118164
968.9076919555664,726.6540985107422,217.94163513183594,133.98458862304688
904.3816833496094,728.276180267334,263.6495361328125,122.88483428955078
904.0583038330078,717.3744735717773,266.3517761230469,133.45350646972656
899.0030975341797,710.5610122680664,273.3009948730469,122.15830993652344
960.0865097045898,694.5860214233398,250.49000549316406,134.09071350097656
1028.0919647216797,679.8898277282715,304.7160339355469,108.15119171142578
1116.2069091796875,673.8608894348145,255.357421875,121.0191879272461
1127.271255493164,668.6751365661621,265.3630676269531,117.79907989501953
1074.5230407714844,685.2042427062988,260.66949462890625,109.85897064208984
1037.4875793457031,688.2335052490234,258.98486328125,112.11416625976562
969.9744873046875,704.8516578674316,239.3720703125,118.19359588623047
943.6845245361328,699.161506652832,265.8265686035156,117.71134948730469
963.4357376098633,701.2963676452637,235.88743591308594,123.91947174072266
953.6248016357422,710.5354919433594,252.12033081054688,126.27032470703125
968.0245513916016,697.5891609191895,312.1479797363281,102.9895248413086
1051.7564544677734,688.0392684936523,271.9333190917969,98.45619201660156
1106.8792343139648,677.1043968200684,248.2173614501953,112.23755645751953
1083.3518524169922,677.7118949890137,248.27841186523438,117.3317642211914
990.515380859375,700.0795135498047,259.3619689941406,105.80453491210938
1055.7201843261719,718.1536331176758,201.85861206054688,121.60667419433594
995.3426666259766,722.7236633300781,255.6494140625,121.6856689453125
990.9892425537109,741.2750473022461,262.58795166015625,113.13099670410156
1082.032470703125,729.9188423156738,263.9673767089844,124.3225326538086
1135.6218872070312,723.9724617004395,291.3409729003906,109.62093353271484
1181.1379699707031,735.4618721008301,248.82498168945312,124.2788314819336
1110.5345077514648,746.623176574707,246.6493377685547,111.28117370605469
1154.909439086914,739.0661811828613,216.6737060546875,112.41524505615234
1072.924087524414,737.4894142150879,211.6295166015625,112.59526824951172
993.3143615722656,735.3459510803223,197.6839599609375,106.14977264404297
1020.2906188964844,735.8833961486816,207.1072998046875,110.33422088623047
1004.6408386230469,738.9347724914551,211.3812255859375,114.9643783569336
1036.7936706542969,737.4914169311523,216.90887451171875,114.87947082519531
1064.229476928711,741.2973823547363,219.63571166992188,119.5931625366211
1138.0784454345703,739.572681427002,249.40951538085938,126.39229583740234
1189.0218963623047,744.2893600463867,242.46786499023438,117.84931945800781
1175.6237716674805,742.2615203857422,254.5034942626953,123.06466674804688
1144.8737487792969,744.2377166748047,257.2962646484375,112.50582885742188
1092.0867614746094,747.674186706543,258.8995361328125,113.73628234863281
1069.3695907592773,745.300895690918,241.30616760253906,118.42915344238281
971.1749801635742,750.6017684936523,246.63352966308594,116.51069641113281
972.6123580932617,750.3329467773438,244.57713317871094,122.04150390625
971.3394012451172,751.2930450439453,245.64898681640625,126.26248168945312
980.3178863525391,751.6018486022949,239.86785888671875,121.6229019165039
981.1556015014648,761.2009086608887,241.80699157714844,114.6218032836914
1064.1636047363281,762.9046936035156,246.93399047851562,130.15032958984375
1099.6949615478516,766.5836448669434,285.59014892578125,107.45783233642578
1182.1268157958984,767.4298858642578,257.01531982421875,109.21694946289062
1162.1758117675781,769.8255996704102,242.71267700195312,114.81486511230469
1185.557502746582,779.2536239624023,229.90541076660156,129.5662384033203
1126.6477737426758,803.4282569885254,246.7399444580078,107.86461639404297
1104.8744354248047,816.8724212646484,274.2174072265625,105.22512817382812
1040.1540985107422,832.1606178283691,223.80044555664062,99.53691864013672
1070.2755279541016,817.0721626281738,234.20108032226562,121.8342514038086
1018.9150161743164,810.2506866455078,242.93540954589844,131.76730346679688
1024.2669067382812,789.034553527832,211.6796875,142.7631072998047
971.8337097167969,781.7702980041504,263.05352783203125,115.31023406982422
927.2203750610352,786.5289649963379,239.7317352294922,123.27306365966797
927.2891082763672,782.3590812683105,259.5209655761719,115.72354888916016
933.5648956298828,785.2986679077148,247.49588012695312,120.10487365722656
953.4245529174805,789.4533958435059,251.5065460205078,121.52497100830078
1013.3589706420898,797.9235916137695,236.21022033691406,101.60350036621094
1095.199363708496,788.6009902954102,240.05409240722656,127.45555114746094
998.8254547119141,797.1142463684082,248.20419311523438,112.4304428100586
946.0205993652344,792.5879287719727,259.91033935546875,122.42424011230469
945.1723327636719,791.8025703430176,251.65118408203125,127.5067367553711
962.4084777832031,787.2440185546875,306.1724853515625,133.72821044921875
989.3857879638672,806.3845291137695,300.6294860839844,109.90653991699219
1131.2960510253906,790.5471382141113,281.36883544921875,118.2296371459961
1095.3416366577148,804.6202812194824,234.11891174316406,109.01908111572266
993.4774475097656,797.0981636047363,262.5333251953125,119.4843978881836
939.3264236450195,808.0666923522949,251.05308532714844,113.2031021118164
952.1324691772461,805.2229423522949,228.71986389160156,113.09366607666016
965.4021835327148,804.1308975219727,227.2552032470703,130.18101501464844
966.890869140625,803.9878997802734,265.6092529296875,97.49496459960938
1008.6803359985352,811.6874351501465,244.99607849121094,86.08753204345703
1075.7924194335938,794.9498481750488,218.20928955078125,114.34566497802734
1021.7007293701172,793.5235977172852,251.82992553710938,115.92387390136719
1000.4002304077148,784.67529296875,238.9771270751953,130.126708984375
956.3114700317383,792.0350799560547,231.53025817871094,124.19027709960938
955.6130294799805,791.517505645752,247.43263244628906,114.5771713256836
1045.7472610473633,785.2625694274902,254.6357879638672,126.74079132080078
1105.053482055664,795.7696418762207,235.20114135742188,111.1643295288086
1138.9415435791016,789.1123046875,253.44808959960938,128.08624267578125
1141.9696960449219,790.0625457763672,258.01904296875,125.30563354492188
1097.3330307006836,793.0768508911133,251.3515167236328,124.11814880371094
1019.1170120239258,791.0205039978027,239.44920349121094,126.39594268798828
961.9344024658203,795.2561950683594,236.22708129882812,123.5242919921875
963.1487731933594,791.2768592834473,257.70855712890625,116.85070037841797
905.8763198852539,803.4338722229004,236.2788543701172,114.62145233154297
954.3822784423828,794.591438293457,292.4510803222656,104.19871520996094
1102.2129516601562,798.9185066223145,242.71563720703125,108.00594329833984
1153.0011138916016,791.4978637695312,239.87326049804688,119.3946533203125
1092.3344116210938,792.6006507873535,259.38623046875,120.10082244873047
1033.8295135498047,785.7440986633301,263.2409973144531,121.09651947021484
957.5892028808594,791.9386901855469,234.88702392578125,111.60113525390625
952.6636428833008,788.3957824707031,253.21275329589844,115.89068603515625
912.1611862182617,801.9243927001953,246.25086975097656,119.85513305664062
916.5986328125,804.8252182006836,294.77783203125,98.28749084472656
1121.3349380493164,786.2674980163574,235.9768524169922,118.0207290649414
1163.896629333496,794.3638191223145,255.99293518066406,111.68831634521484
1154.583984375,791.0734405517578,276.98712158203125,110.57943725585938
1169.487319946289,792.3586196899414,253.15078735351562,114.82688903808594
1137.4653701782227,793.6898498535156,251.0613250732422,118.455810546875
1142.9270477294922,785.9575996398926,290.7279968261719,110.86348724365234
1177.976806640625,752.2341003417969,293.3515625,113.42266845703125
1056.2568664550781,737.2240982055664,357.72174072265625,101.02787780761719
1214.2945098876953,707.8024711608887,294.7834167480469,108.52542877197266
1183.7647399902344,659.5252914428711,260.320068359375,103.46485900878906
1140.4053039550781,644.3304481506348,274.6708984375,112.18126678466797
1114.5441360473633,662.8185577392578,250.0460662841797,103.67056274414062
1167.5273208618164,679.0979919433594,238.59593200683594,123.458251953125
1063.7232666015625,711.7509613037109,271.215087890625,107.97396850585938
1006.7893447875977,748.4914703369141,250.13316345214844,113.84371948242188
1058.8935012817383,763.7729721069336,213.0416717529297,136.6375274658203
1012.384033203125,777.8967056274414,265.21441650390625,119.07139587402344
1006.7502593994141,765.0228729248047,256.3652038574219,135.50033569335938
1084.2528228759766,736.2802429199219,292.7487487792969,121.39263916015625
1082.6297302246094,716.771369934082,285.81927490234375,119.59037780761719
1167.8729248046875,683.8332862854004,296.1400146484375,121.58415985107422
1193.973892211914,667.8974685668945,264.3169250488281,132.8137664794922
1156.0623779296875,669.649600982666,275.37200927734375,107.73332977294922
1118.8485412597656,692.157054901123,248.79193115234375,126.94803619384766
1021.8795166015625,731.3334083557129,268.2979736328125,118.12004852294922
1003.1386566162109,755.3751602172852,269.3870544433594,123.93449401855469
993.9288940429688,754.0806732177734,268.10357666015625,114.02438354492188
1002.6937866210938,732.9488830566406,255.9688720703125,130.14166259765625
1107.7311401367188,682.3102035522461,253.3492431640625,129.37733459472656
1145.2818298339844,659.7964630126953,284.5198974609375,111.71804809570312
1147.6849517822266,674.3093719482422,276.9851379394531,106.74221801757812
1075.3319778442383,704.0480117797852,252.8098602294922,123.27433776855469
995.9308547973633,756.1232223510742,234.82347106933594,120.74873352050781
962.2320785522461,776.9767456054688,215.5728302001953,133.54534912109375
857.9810028076172,759.7457008361816,284.9870300292969,108.70397186279297
1044.4065780639648,705.295539855957,216.7490997314453,122.86631774902344
1130.943016052246,664.5766754150391,229.6564483642578,127.16421508789062
1205.1366577148438,655.3119697570801,247.46441650390625,127.9378890991211
1200.1381530761719,675.0292320251465,260.2869873046875,106.06110382080078
1166.1923828125,692.1493606567383,258.11041259765625,119.91862487792969
1113.661392211914,718.9530563354492,233.93045043945312,131.02687072753906
1025.7781295776367,748.5429649353027,255.24574279785156,103.12110137939453
994.4326248168945,744.5963668823242,225.9778289794922,131.2278594970703
969.071044921875,703.7462921142578,274.09478759765625,110.05575561523438
1013.7685394287109,676.6471862792969,278.7596130371094,117.05010986328125
1119.6104888916016,656.1344375610352,231.47879028320312,143.1095428466797
1128.3430633544922,676.5511894226074,252.49539184570312,108.3471450805664
1174.2121047973633,700.0204620361328,223.3723602294922,136.12020874023438
1115.9142837524414,737.0234069824219,234.19761657714844,126.39141845703125
1116.732666015625,735.843620300293,208.890869140625,128.2682647705078
1041.2521057128906,704.6867637634277,259.1397705078125,108.58020782470703
1080.9495697021484,665.7506828308105,261.4113464355469,116.3782730102539
1165.665542602539,661.5599594116211,264.1513977050781,117.87532043457031
1157.2568359375,681.8395233154297,264.85980224609375,130.86050415039062
1068.563217163086,717.4133758544922,331.7922668457031,129.08157348632812
1024.8070526123047,757.7121429443359,280.9296569824219,140.21005249023438
1048.9152603149414,768.2577514648438,224.80418395996094,123.04400634765625
1052.9708557128906,727.4462394714355,241.4207763671875,117.45536041259766
1042.9308013916016,702.9187507629395,260.6658630371094,118.49141693115234
1133.4174575805664,667.8262138366699,252.23204040527344,115.7392349243164
1189.7945175170898,666.4732322692871,228.06312561035156,121.74713897705078
1142.4860382080078,697.4763717651367,252.46170043945312,116.71614074707031
1028.9142761230469,732.4211730957031,230.0054931640625,131.1573486328125
996.6268310546875,744.8408164978027,257.8084716796875,118.93036651611328
1040.8943557739258,729.4353179931641,228.9236297607422,133.34024047851562
1003.852294921875,712.6903533935547,278.64288330078125,110.69064331054688
1040.3778839111328,694.8675498962402,255.37631225585938,119.51337432861328
1076.7908630371094,667.3930053710938,280.51336669921875,113.30718994140625
1226.0749435424805,665.9716987609863,253.7831573486328,111.9203109741211
1188.6273803710938,691.84619140625,271.81988525390625,121.994873046875
1248.158447265625,711.9519844055176,272.628173828125,106.6092758178711
1248.1966705322266,724.3522720336914,266.5548400878906,119.35600280761719
1137.3001403808594,724.6007690429688,253.29452514648438,113.16351318359375
1067.0734405517578,736.8334732055664,224.07171630859375,128.28086853027344
1026.6105499267578,732.883846282959,263.11553955078125,112.87415313720703
1008.5211181640625,726.4408950805664,268.9015808105469,126.02622985839844
1010.0008697509766,714.2700691223145,256.482421875,127.78780364990234
1056.7227020263672,696.5132446289062,225.0220947265625,137.90496826171875
1019.5773620605469,688.2643013000488,234.93801879882812,126.0002670288086
1066.5768585205078,678.1110572814941,233.9083251953125,126.25713348388672
1043.4548034667969,679.5078582763672,268.8153381347656,124.09347534179688
1095.2602844238281,680.7893218994141,258.3744812011719,124.41555786132812
1112.5117950439453,690.5510673522949,281.55926513671875,115.27457427978516
1089.4105682373047,707.3674430847168,287.24273681640625,112.20499420166016
1006.5766143798828,721.1893997192383,275.7783203125,110.39909362792969
1009.086311340332,723.6259422302246,212.2226104736328,115.08502960205078
1104.1815795898438,706.197135925293,184.92868041992188,134.9656524658203
1061.3948516845703,688.6089286804199,252.9205322265625,120.06229400634766
1103.561019897461,672.389274597168,265.9368896484375,107.17933654785156
1123.3807525634766,667.1895713806152,221.62518310546875,116.90229034423828
1101.5026550292969,674.0679817199707,245.07394409179688,118.2284164428711
1141.1219787597656,695.1565017700195,236.76400756835938,128.71031188964844
1068.5884857177734,714.4135627746582,261.02288818359375,108.27254486083984
1055.7432708740234,726.3668785095215,244.85687255859375,118.96369171142578
1022.9460067749023,728.4185638427734,241.44956970214844,124.47610473632812
1058.5041198730469,702.2717895507812,233.57974243164062,138.44268798828125
1037.7491912841797,687.7005577087402,279.95098876953125,119.79743194580078
1077.9476318359375,676.7005310058594,308.4877014160156,118.951904296875
1096.0003356933594,672.5511245727539,319.6422424316406,116.33384704589844
1201.065414428711,690.4532737731934,297.2366943359375,114.56732940673828
982.7001953125,716.8793487548828,270.206787109375,141.39596557617188
1013.842041015625,737.5127601623535,272.0706787109375,121.23406219482422
1012.8470153808594,733.6519012451172,267.1302490234375,128.60043334960938
980.3633880615234,718.6278038024902,251.63442993164062,123.63971710205078
974.0477447509766,696.1706008911133,281.5663146972656,121.54447937011719
747.6323547363281,414.11309814453125,637.0330200195312,648.446044921875
37.43133544921875,438.3766326904297,1612.650390625,412.4990539550781
0,452.1759796142578,1645.6380004882812,483.3678894042969
5.465850830078125,297.4978942871094,1562.426025390625,630.2897338867188
8.682830810546875,416.5379638671875,1662.6500244140625,524.7769775390625
0,410.036376953125,1615.2109680175781,585.5521240234375
33.73841857910156,412.17230224609375,1336.69970703125,570.33251953125
30.170974731445085,403.42135620117165,1369.6094970703125,478.97015380859375
13.652908325195085,406.1270751953123,1584.8419189453125,540.8848876953125
0,344.6322021484373,1622.9257354736326,570.8255615234375
27.469215393066406,425.968322753906,1597.041259765625,549.25732421875
0.9733657836914062,350.8828124999998,1649.579345703125,607.3221435546875
20.883766174316406,489.9641418457029,1549.955322265625,515.9505004882812
