500.0,675.0,208.0,173.0
500.65979766845703,670.255256652832,206.80979919433594,181.49888610839844
494.3656463623047,670.8328018188477,207.96292114257812,176.6771697998047
485.71973419189453,667.2354278564453,211.41502380371094,174.28402709960938
477.9277648925781,662.4647064208984,211.93646240234375,174.07577514648438
472.71654510498047,659.299674987793,212.80628967285156,179.05091857910156
466.44490814208984,662.9754867553711,213.99427795410156,180.76759338378906
461.5943298339844,666.8666076660156,214.33331298828125,182.6796875
455.1293640136719,672.2412109375,218.50335693359375,179.8525390625
459.19066619873047,673.5091323852539,214.99317932128906,179.5436248779297
455.9959945678711,671.3113708496094,216.3123321533203,178.1981201171875
454.2729187011719,671.4465026855469,219.47979736328125,178.19561767578125
452.9626159667969,669.6346130371094,216.54071044921875,175.96502685546875
450.25557708740234,666.5691070556641,219.19935607910156,182.02566528320312
447.9962615966797,666.6232147216797,221.15658569335938,181.29483032226562
443.91475677490234,670.9989395141602,222.39759826660156,180.20201110839844
439.1064147949219,673.356689453125,223.3243408203125,181.34344482421875
423.0125961303711,670.9430770874023,224.99391174316406,177.8723907470703
415.4795837402344,666.4508209228516,224.78118896484375,179.82693481445312
394.67112731933594,655.4260864257812,228.61026000976562,181.21435546875
317.5368118286133,647.2297134399414,234.9480438232422,181.52073669433594
306.3139114379883,634.4102554321289,241.3401336669922,181.7754364013672
333.0494079589844,604.2754287719727,246.54248046875,179.22142028808594
342.7384948730468,581.9354858398438,240.52099609375006,180.0660400390625
358.41894531249994,566.5621719360352,239.6611938476563,180.13438415527344
359.2308807373047,571.1716918945312,236.76602172851562,180.00732421875
338.6202392578125,592.1505661010742,241.63018798828125,189.69471740722656
300.0606307983398,614.7817687988281,246.49745178222662,186.353515625
311.0737533569336,601.3220291137695,244.34034729003906,182.37815856933594
312.17200469970703,556.4475936889648,241.5135955810547,184.19837951660156
306.99394226074224,495.1252975463867,243.33993530273432,187.24989318847656
289.44930267333984,493.84666442871094,246.7626495361328,184.17453002929688
261.3535232543945,535.2088241577148,252.7798919677735,186.7145538330078
250.88390350341797,568.6317520141602,252.7106475830078,191.2633514404297
248.9058380126953,601.9182968139648,252.80270385742188,189.84120178222656
244.5955352783203,609.217529296875,254.33908081054688,186.07373046875
245.3865966796875,603.2859802246094,254.710205078125,186.5224609375
254.73805236816406,584.2504119873047,254.13027954101562,187.23367309570312
252.8670654296875,564.8788528442383,256.78192138671875,186.5596160888672
259.2574005126953,558.3659362792969,255.04275512695312,186.153564453125
267.3794708251953,558.0196533203125,256.6757507324219,182.25018310546875
287.0089340209961,568.9021911621094,253.52284240722656,193.40313720703125
328.25038909912104,591.3273773193359,253.52510070800787,193.60293579101562
338.3582000732422,606.7649917602539,249.28823852539062,188.90208435058594
351.2383804321289,617.2667388916016,250.85765075683594,191.81069946289062
355.3146057128906,614.6436386108398,254.56683349609375,185.66932678222656
350.84947204589844,604.0979995727539,263.3861999511719,187.0820770263672
357.48388671875,584.5422134399414,257.47186279296875,189.3807830810547
361.9439544677735,578.8641357421875,255.20700073242182,185.79840087890625
374.9646911621094,573.7592010498047,253.10955810546875,184.62759399414062
408.9778060913086,569.8929824829102,255.95155334472656,187.46653747558594
433.6139144897461,573.9513778686523,252.0699005126953,186.95008850097656
451.73095703125,576.2256240844727,249.2301025390625,186.80235290527344
447.88328552246094,581.6751098632812,248.52804565429688,186.05731201171875
421.42137145996094,584.722770690918,254.03811645507812,187.13648986816406
415.86094665527344,579.5926818847656,250.19491577148438,188.81988525390625
394.3619918823242,576.6375961303711,254.0110626220703,189.10963439941406
396.1077651977539,570.5328979492188,254.9098358154297,189.87103271484375
391.8768081665039,561.5136337280273,250.56553649902344,192.0861358642578
343.6466064453125,557.6532745361328,256.39825439453125,190.02719116210938
315.57783508300787,556.4410781860352,259.8267517089843,192.1244354248047
343.7904815673828,565.0715942382812,259.4355773925781,196.77716064453125
378.98767852783203,571.4048461914062,252.8281707763672,191.8944091796875
397.5252456665039,581.2369384765625,253.5994110107422,195.409423828125
428.6836929321289,587.9449768066406,249.7385711669922,191.55322265625
415.5664367675781,587.0720367431641,249.4998779296875,189.22665405273438
409.08614349365234,579.8944549560547,247.57704162597656,192.17007446289062
403.70677947998047,583.8412857055664,245.1287384033203,198.5791473388672
392.07086181640625,590.0016860961914,249.51123046875,193.8453826904297
394.66001892089844,589.2144393920898,247.27548217773438,197.5972442626953
382.95484924316406,584.7996597290039,250.32333374023438,192.78306579589844
386.1102066040039,565.2288360595703,248.16087341308594,194.80233764648438
389.32562255859375,549.4440155029297,247.55560302734375,195.26626586914062
396.96256256103516,541.4132919311523,245.6119842529297,195.66004943847656
411.6850814819336,540.7416534423828,246.65199279785156,198.02432250976562
408.55616760253906,555.6657104492188,245.35031127929688,200.36907958984375
418.56187438964844,569.2554397583008,241.18093872070312,199.03770446777344
420.3681869506836,574.0805130004883,242.25306701660156,198.16893005371094
425.4211730957031,575.973388671875,238.271728515625,196.743408203125
429.33154296875,578.004020690918,238.029296875,199.9672393798828
430.83580780029297,580.344970703125,234.23451232910156,197.43035888671875
433.20511627197266,577.4297637939453,235.9354705810547,202.30673217773438
435.79601287841797,577.8105545043945,236.8479766845703,200.0135955810547
443.8228302001953,583.9113235473633,234.21725463867188,202.35289001464844
448.50755310058594,585.0548248291016,233.34097290039062,200.37716674804688
450.9835739135742,592.2420501708984,230.00807189941406,203.38961791992188
451.0321044921875,597.8760833740234,230.30291748046875,204.62582397460938
438.9107208251953,606.0956878662109,232.23056030273438,205.73910522460938
409.31129455566406,616.5528259277344,233.30166625976562,206.60791015625
397.6859588623047,641.7822418212891,237.45761108398438,205.54531860351562
403.50819396972656,654.447021484375,231.59109497070312,207.0550537109375
393.25952911376953,651.9980697631836,230.9664764404297,203.1253204345703
387.4714660644531,624.8826141357422,232.82183837890625,202.85433959960938
381.84949493408203,603.7865753173828,228.3102264404297,203.95742797851562
379.83580017089844,587.2927017211914,228.82748413085938,203.34104919433594
377.44083404541016,576.2041397094727,225.5461883544922,201.5007781982422
375.80266571044916,566.8687210083008,223.73481750488287,201.04393005371094
380.7699661254882,559.6337661743164,222.61613464355474,210.2085418701172
387.51251220703125,562.0389022827148,220.77801513671875,211.62294006347656
397.2955856323242,566.6842498779297,217.3886260986328,209.08572387695312
399.1966018676757,570.6443099975586,218.321762084961,210.2611846923828
405.15447998046875,573.9487838745117,216.812255859375,210.87599182128906
406.49251556396484,577.2400360107422,216.66847229003906,212.20584106445312
411.11966705322266,581.1483535766602,214.7821502685547,210.1713104248047
412.14119720458984,580.403190612793,213.55299377441406,212.6015167236328
414.36000061035156,578.4951629638672,211.26199340820312,209.75057983398438
415.0878219604492,576.8306884765625,209.19679260253906,209.43109130859375
417.6563034057617,578.5573806762695,210.5016632080078,209.9663543701172
421.10137939453125,579.2424926757812,207.8310546875,210.87762451171875
421.07291412353516,578.4947204589844,206.02146911621094,211.29559326171875
421.9835662841797,568.5255661010742,205.14895629882812,214.04371643066406
425.18409729003906,564.0493469238281,203.75143432617188,216.40423583984375
430.58531951904297,568.0785598754883,203.5298614501953,210.61412048339844
436.63232421875,574.3511505126953,203.4375,211.09170532226562
437.2223205566406,576.4950103759766,201.905517578125,213.30813598632812
434.2322540283203,576.0323944091797,204.63803100585938,213.56637573242188
439.19329833984375,578.1247024536133,205.31719970703125,211.9304656982422
449.51220703125,573.8978576660156,201.29693603515625,212.258056640625
447.8123321533203,569.5563888549805,205.35879516601562,215.62806701660156
447.61192321777344,567.7865905761719,203.82620239257812,216.77337646484375
448.8905715942383,567.583984375,202.50486755371094,216.63909912109375
451.51563262939453,569.5929107666016,203.8669891357422,215.49801635742188
458.64500427246094,568.7765197753906,202.53469848632812,215.43798828125
474.3301544189453,569.1373138427734,202.26754760742188,218.86386108398438
490.9851303100586,569.0193634033203,202.47560119628906,218.90811157226562
482.4769287109375,566.0634155273438,204.837158203125,219.8045654296875
477.7698440551758,568.6996612548828,206.55784606933594,218.86618041992188
478.7939682006836,576.3322677612305,208.04652404785156,219.27076721191406
488.7219467163086,581.3034973144531,206.0238800048828,218.95147705078125
491.2226028442383,575.9416198730469,209.5465545654297,219.5196533203125
484.6533508300781,571.4836502075195,214.06793212890625,222.15245056152344
488.8892364501953,570.9248123168945,215.09048461914062,221.01878356933594
484.7734832763672,565.9160003662109,217.36917114257812,225.80368041992188
482.00186920166016,563.6501083374023,222.3433074951172,226.31959533691406
487.8741683959961,563.2361602783203,220.59706115722656,223.80270385742188
490.03003692626953,556.8590545654297,221.95005798339844,227.92044067382812
493.11688232421875,555.400276184082,227.3837890625,227.41551208496094
491.85167694091797,552.0396194458008,229.2610626220703,226.0931854248047
495.51163482666016,551.1737594604492,232.16416931152344,225.98976135253906
500.07373046875,550.9382934570312,235.15521240234375,228.00933837890625
502.9436340332031,556.2497100830078,238.85638427734375,226.50186157226562
500.8538360595703,558.3423690795898,244.55557250976562,226.49488830566406
500.2244567871094,554.1304473876953,245.92889404296875,222.43521118164062
498.5429382324219,544.2414779663086,243.61370849609375,222.43751525878906
491.68582916259766,542.8138580322266,253.16893005371094,226.25381469726562
491.76837158203125,548.103874206543,251.5433349609375,230.1410675048828
486.58551025390625,551.5781402587891,257.06439208984375,226.55685424804688
481.13294982910156,552.7119903564453,262.5289611816406,228.56649780273438
483.29774475097656,546.8427658081055,260.5706481933594,225.4009552001953
476.6798553466797,540.855354309082,269.8331604003906,221.3536834716797
479.6819305419922,533.0450744628906,269.4453430175781,231.97149658203125
484.552978515625,532.4152450561523,271.09197998046875,231.5178985595703
496.9496612548828,528.619743347168,275.7423400878906,226.0280303955078
510.8163604736328,528.8218841552734,279.5123596191406,232.55551147460938
529.7042236328125,533.203742980957,287.03839111328125,233.5732879638672
559.1430053710938,536.7420120239258,285.52337646484375,233.5442352294922
583.3693389892578,544.8531036376953,289.5869445800781,238.80117797851562
594.8935394287109,556.2648010253906,293.9860534667969,240.5452880859375
619.941162109375,565.2910690307617,295.28253173828125,234.5163116455078
628.4877624511719,565.8538665771484,297.1785888671875,232.19955444335938
641.8662261962891,560.6257553100586,301.5370178222656,229.44508361816406
650.1797332763672,552.5532836914062,303.1985778808594,228.16461181640625
641.2468109130859,547.6210098266602,314.5961608886719,230.19700622558594
639.0355834960938,540.6276626586914,314.66107177734375,230.26512145996094
634.6031341552734,540.1099090576172,318.8638610839844,231.41244506835938
635.0253601074219,540.2107849121094,320.844970703125,227.0994873046875
630.6759490966797,537.0426330566406,326.9673767089844,234.228515625
624.0484008789062,533.2784271240234,332.84332275390625,235.76400756835938
620.7852325439453,534.7376937866211,336.7489318847656,230.12135314941406
627.7998199462891,530.3954696655273,333.5786437988281,236.58119201660156
630.6255187988281,530.2097930908203,343.0189208984375,242.30960083007812
635.1383819580078,541.6339645385742,345.1460266113281,236.3263702392578
641.5804138183594,539.4400482177734,353.60205078125,236.90487670898438
646.0802917480469,535.734016418457,354.3355712890625,233.1274871826172
661.0576934814453,531.5546875,353.3642883300781,236.09112548828125
660.7007904052734,532.7865982055664,365.8247985839844,239.58787536621094
658.4299011230469,534.3462066650391,367.7042236328125,239.01565551757812
655.0277862548828,530.7175216674805,369.0449523925781,235.7619171142578
638.4231262207031,528.3038940429688,375.7210693359375,239.15325927734375
610.8243713378906,530.1244277954102,384.58056640625,246.40098571777344
605.8098602294922,528.0416412353516,382.6053161621094,244.82376098632812
587.3612518310547,512.4383392333984,393.1076354980469,251.29965209960938
570.4823150634766,507.77327728271484,397.5503234863281,247.19496154785156
570.0062866210938,513.2881774902344,396.00616455078125,247.1236572265625
556.8099212646484,519.6196670532227,404.3926696777344,246.27952575683594
563.9806365966797,527.2813034057617,406.4570007324219,245.9607696533203
558.8939666748047,538.8861694335938,409.5251159667969,249.47210693359375
527.4152069091797,540.8901138305664,426.2117614746094,246.83006286621094
516.0304870605469,535.4810943603516,422.989990234375,248.91897583007812
515.1021118164062,525.0062408447266,423.06964111328125,254.40164184570312
501.31394958496094,516.7024841308594,431.7779235839844,258.3392333984375
504.2774200439453,507.7568359375,433.5890197753906,259.95550537109375
522.2829284667969,505.2176055908203,431.539306640625,256.5792541503906
534.6577301025391,516.8866958618164,444.5842590332031,255.11448669433594
533.2395324707031,519.8347091674805,446.3629150390625,255.9151153564453
540.5464172363281,519.6103363037109,452.0042724609375,252.50289916992188
551.54736328125,521.7616729736328,462.15972900390625,252.82827758789062
562.0242156982422,517.9438705444336,458.1648864746094,255.13941955566406
569.5852966308594,520.483268737793,462.8992919921875,254.0520782470703
572.7645111083984,517.4991226196289,466.7142028808594,254.69236755371094
563.7475891113281,512.9053955078125,475.9453125,258.05047607421875
541.8908843994141,507.2787322998047,483.3109436035156,265.6989440917969
521.7353515625,513.1149139404297,481.70086669921875,261.9507751464844
519.6680450439453,528.9362030029297,483.6527404785156,261.6851501464844
520.9421997070312,538.3048400878906,487.40960693359375,259.7596435546875
524.0379028320312,548.7608184814453,493.64569091796875,257.0395812988281
514.7565307617188,545.6402893066406,498.93536376953125,264.0506591796875
506.51780700683594,542.4748077392578,506.1462097167969,266.1354064941406
495.1522674560547,538.8317108154297,509.9950866699219,269.9942321777344
481.87579345703125,535.5802307128906,518.4898071289062,272.6759033203125
478.522705078125,534.5408477783203,520.8203735351562,269.0038146972656
480.3606872558594,536.5967864990234,520.16162109375,264.9764099121094
478.2575378417969,536.0856170654297,524.3668212890625,267.4378356933594
478.05291748046875,536.2964630126953,531.4754028320312,269.8954162597656
471.3211975097656,537.6951904296875,534.27685546875,271.61505126953125
473.67462158203125,534.0284576416016,534.5497436523438,274.3553771972656
479.15924072265625,536.9436950683594,543.0012817382812,273.94091796875
477.79705810546875,540.0284576416016,552.8085327148438,274.3458557128906
446.3845520019531,539.4033508300781,551.550537109375,279.501953125
437.5692443847655,517.1305389404296,549.8558349609375,293.9200134277344
422.73736572265614,506.0032806396483,559.2791137695312,296.5860290527344
411.53997802734364,504.22372436523426,565.1350708007812,292.5343017578125
401.54782104492165,499.80831909179665,570.0604248046875,298.44873046875
403.7630615234373,487.6283721923826,561.2202758789062,296.2400207519531
388.2938842773435,475.17843627929665,575.3916625976562,299.7568359375
381.4084777832029,476.43531799316384,585.4732666015625,293.7810363769531
379.7352905273435,483.79469299316384,586.6205444335938,284.3703918457031
377.30258178710903,496.07458496093716,592.911376953125,281.66021728515625
377.3495483398434,498.25944519042935,587.9612426757812,290.3869323730469
370.37850952148415,499.76856994628884,592.4761962890625,293.8058166503906
369.6124877929685,492.07431030273415,593.1875610351562,301.8126220703125
354.5250854492185,497.6073608398435,605.9069213867188,294.79632568359375
351.10519409179676,496.0640106201171,604.802490234375,301.2942810058594
350.4742736816405,494.15972900390614,605.456787109375,305.32940673828125
342.41558837890614,503.2703094482421,608.4816284179688,299.6528015136719
350.7945861816405,508.4748535156249,608.658203125,298.24139404296875
355.6198730468749,515.1757049560546,612.7266235351562,299.1098327636719
353.22946166992176,518.766128540039,608.161376953125,299.6686096191406
342.18405151367176,509.06329345703114,624.0335693359375,310.29522705078125
348.6801757812499,510.8242950439452,622.0177612304688,314.0205383300781
376.5775146484375,507.34678649902344,618.3432006835938,312.0035095214844
374.7720031738281,506.08949279785156,619.9666748046875,313.7118225097656
356.27694702148426,508.44699096679676,624.6649169921875,311.045166015625
346.6444396972655,502.1170959472655,633.606689453125,319.7535400390625
346.2965087890625,500.8283233642578,628.7133178710938,316.7196350097656
339.81756591796864,503.6114959716796,632.6921997070312,312.1858825683594
328.8377380371094,504.91705322265625,638.027587890625,318.26324462890625
323.26727294921886,510.300506591797,640.1494750976562,319.4932861328125
316.30374145507824,514.9254302978517,640.28564453125,318.7533264160156
294.17510986328136,514.1706542968751,658.6348266601562,323.35247802734375
286.40460205078136,520.6208038330079,663.7415161132812,315.9735412597656
288.8755798339845,517.1912231445314,667.4002685546875,322.84771728515625
292.5049743652345,515.9024353027345,650.9742431640625,328.089599609375
306.4290466308596,516.9532165527346,654.853759765625,321.415283203125
307.8458862304691,513.6331634521488,660.6459350585938,328.5715026855469
305.7752075195316,517.9296875000003,668.9163208007812,325.99493408203125
317.82189941406284,519.975509643555,660.9977416992188,322.4739685058594
310.53063964843784,522.5054931640628,666.9089965820312,314.37640380859375
300.5806579589847,522.5659790039066,659.8751220703125,308.43951416015625
303.4796447753911,502.91366577148483,664.79296875,327.8173828125
307.37826538085983,515.5471191406255,664.0859375,317.64544677734375
314.3362121582036,522.4753417968755,663.6273193359375,314.89862060546875
323.75546264648483,523.7766265869145,662.1851806640625,320.8912658691406
336.00561523437545,527.678848266602,668.6199340820312,317.7074279785156
341.5763549804692,526.8021545410161,673.2166137695312,315.72216796875
344.87228393554733,529.1408996582036,674.9013671875,315.202880859375
342.01647949218795,523.4441528320317,666.3449096679688,314.54925537109375
345.0647583007817,512.6195831298833,674.3186645507812,309.1258850097656
334.8656311035161,520.5446319580083,684.15625,305.7644348144531
353.18649291992233,512.1500854492192,656.3695068359375,308.02935791015625
370.0055541992192,507.54508972168014,669.5139770507812,302.0142517089844
379.6419067382817,494.0176849365239,663.4387817382812,300.9709167480469
374.3049621582036,491.9757690429692,677.3428955078125,295.06475830078125
361.7680969238286,496.80473327636764,653.703369140625,292.0950622558594
371.24169921875045,475.31282043457077,654.9474487304688,301.5185852050781
378.12265014648494,474.1826782226568,661.4517822265624,296.35443115234375
376.4573669433597,467.6221313476567,663.4305419921876,296.60540771484375
382.32824707031295,469.13623046875045,662.2026977539062,295.27593994140625
358.0685424804691,479.80744934082065,657.2664184570312,284.0050354003906
334.1209106445315,463.7761688232424,659.4779663085938,299.0342712402344
338.9882812500002,443.9431762695315,653.6393432617188,303.74700927734375
322.0052490234377,434.7212524414065,651.6500854492188,308.21636962890625
306.3143005371096,448.7943267822268,664.26123046875,291.4116516113281
306.854187011719,437.13594055175804,664.3806762695312,301.1954650878906
310.146209716797,432.0137939453126,662.5382080078125,305.88006591796875
312.1570434570315,440.1598815917971,657.9894409179688,307.857421875
309.30972290039097,438.41447448730503,662.58984375,304.1071472167969
300.72964477539097,433.52639770507847,671.101318359375,310.4844970703125
294.40734863281284,437.5317230224613,650.5105590820312,301.2156677246094
299.1104125976565,428.3276824951174,656.2609252929688,295.8521423339844
282.41665649414097,413.0227661132816,662.0765380859375,310.23736572265625
285.74218750000045,416.74739074707077,653.5044555664062,305.0597229003906
301.0338745117192,425.7104797363286,650.6350708007812,294.6632080078125
309.5254516601567,429.53971862793014,646.8088989257812,297.0127868652344
321.9584350585942,440.9766693115239,644.1034545898438,287.7331237792969
313.8638000488286,446.4591369628911,655.6240234375,289.8740234375
333.27621459960983,452.66235351562545,646.5245361328125,289.55938720703125
346.2097473144536,457.71781921386764,643.402099609375,291.3230895996094
344.04232788085983,477.3022308349614,641.1221923828125,283.0026550292969
339.7608947753911,489.7241821289067,647.909912109375,288.94354248046875
