1418.0,514.0,233.0,450.0
1417.4576416015625,509.63275146484375,231.8184814453125,449.86328125
1420.5224685668945,514.5409393310547,222.03636169433594,445.6621398925781
1421.8817672729492,516.4706268310547,216.07997131347656,442.2734680175781
1415.096908569336,516.4910583496094,217.38809204101562,440.65643310546875
1418.4616241455078,519.6572570800781,205.67843627929688,434.95086669921875
1418.3022842407227,520.3177490234375,198.0676727294922,430.6600341796875
1420.7420806884766,524.8029022216797,184.94491577148438,421.3353576660156
1415.1593170166016,527.7227935791016,180.55441284179688,417.3988952636719
1401.951301574707,528.7075347900391,184.35325622558594,413.4284362792969
1378.8020248413086,527.5453338623047,196.9987335205078,406.2090148925781
1367.685935974121,528.7550506591797,199.3200225830078,402.9720764160156
1359.698257446289,530.7793731689453,196.90280151367188,399.1520690917969
1357.914794921875,531.5206756591797,184.0555419921875,393.9897766113281
1362.70703125,533.7291107177734,163.868408203125,387.6573791503906
1360.0974197387695,539.8226013183594,152.4729461669922,381.79132080078125
1364.331802368164,546.1287231445312,133.51126098632812,373.81158447265625
1361.9558944702148,545.9296417236328,125.60450744628906,369.3902282714844
1346.8392715454102,548.3226776123047,134.7216033935547,365.9104309082031
1344.6450881958008,558.5232238769531,131.77561950683594,351.513916015625
1340.8832702636719,554.3534240722656,124.0126953125,351.6953125
1331.0983200073242,555.6419067382812,123.15797424316406,346.87249755859375
1325.7249298095703,555.1480102539062,120.80416870117188,343.0211181640625
1314.3172912597656,565.8310241699219,118.51806640625,331.421875
1306.9328079223633,562.2018737792969,117.05412292480469,331.8612060546875
1299.6181259155273,561.9086303710938,113.69935607910156,328.1572265625
1289.7099990844727,564.9887237548828,116.21769714355469,324.5411682128906
1279.3427505493164,570.0162963867188,119.88243103027344,313.93865966796875
1274.47993850708,570.5982208251953,115.40242767333984,311.1120300292969
1275.026943206787,571.4271087646484,109.74994659423828,307.6109924316406
1277.446475982666,571.3855133056641,98.34325408935547,303.8235168457031
1272.6671600341797,573.6824493408203,97.05990600585938,303.2007141113281
1266.347671508789,578.3287200927734,97.19607543945312,292.5884704589844
1261.6650352478027,581.1369323730469,100.70899200439453,288.15789794921875
1257.5434761047363,580.4265747070312,97.94161224365234,286.27191162109375
1250.3495254516602,579.9925384521484,96.04692077636719,283.5105895996094
1248.3553771972656,580.6347961425781,89.267578125,278.88427734375
1237.3127403259277,578.1200408935547,89.48371124267578,279.9183654785156
1226.268726348877,579.1422119140625,89.5516586303711,277.4075927734375
1215.8364067077637,591.3873291015625,95.2298355102539,264.2994384765625
1198.3142776489258,585.1110229492188,105.72038269042969,268.14501953125
1181.1047744750977,589.7684478759766,113.69792175292969,262.0759582519531
1166.7404708862305,592.838134765625,118.37269592285156,259.84307861328125
1158.073974609375,591.6324462890625,117.1546630859375,257.009033203125
1155.303997039795,593.5293960571289,107.5367202758789,253.5422821044922
1156.009521484375,594.4312362670898,94.4144287109375,251.61585998535156
1157.0537223815918,595.3045043945312,80.49735260009766,247.80487060546875
1154.832908630371,598.8073272705078,76.05696105957031,242.42349243164062
1145.8989219665527,598.5583419799805,78.23365020751953,242.3378448486328
1134.5875625610352,600.6670608520508,79.55015563964844,235.35398864746094
1128.2252731323242,601.6659774780273,73.96681213378906,232.6595001220703
1123.772632598877,604.220085144043,76.22286224365234,229.94435119628906
1106.4987602233887,605.4386978149414,84.73572540283203,226.23289489746094
1087.0861282348633,605.5560836791992,94.53004455566406,225.55677795410156
1062.6355438232422,610.4457931518555,109.75396728515625,219.60780334472656
1047.8323059082031,610.8601531982422,118.23233032226562,218.87387084960938
1021.9463424682617,611.7321319580078,134.09983825683594,216.74838256835938
993.2648315429688,614.3529357910156,149.07827758789062,213.91571044921875
977.2961959838867,611.4832992553711,152.2364959716797,215.09400939941406
956.2917251586914,610.5756912231445,160.0800323486328,214.6919403076172
933.6541213989258,611.4431381225586,165.85670471191406,214.43324279785156
907.4018478393555,614.7288055419922,175.1738739013672,208.00375366210938
892.2690048217773,613.6155624389648,168.06199645996094,208.65357971191406
875.3738861083984,620.5176086425781,168.050537109375,200.569091796875
854.0077056884766,612.7367935180664,167.01416015625,204.4582977294922
825.5420455932617,617.435905456543,170.30198669433594,198.9334259033203
804.2234725952148,621.5702667236328,179.5446014404297,197.36880493164062
780.7163543701172,610.4897537231445,183.25128173828125,203.87315368652344
765.7449493408203,612.3848876953125,184.446044921875,207.639892578125
746.0457916259766,622.8143844604492,184.86761474609375,190.4418487548828
732.404426574707,614.1343154907227,185.0938262939453,202.1747283935547
710.566162109375,619.8273086547852,189.12765502929688,195.73191833496094
696.7908630371094,619.640007019043,190.33261108398438,192.8791046142578
681.9355697631836,612.7972564697266,195.45225524902344,201.46652221679688
664.3047866821289,620.2477111816406,191.33522033691406,194.84454345703125
645.4216232299805,616.0917587280273,190.57371520996094,197.43507385253906
626.9819183349609,615.6833114624023,191.647705078125,196.3926544189453
610.6801071166992,624.3732299804688,194.90562438964844,187.0047607421875
592.5074081420898,611.0867614746094,187.53575134277344,199.96246337890625
567.1436538696289,614.0657043457031,197.14356994628906,194.79541015625
549.8029556274414,612.6837158203125,194.74830627441406,196.983642578125
534.9660263061523,632.7289047241211,195.8727264404297,175.77003479003906
520.1640472412109,619.9254150390625,188.9337158203125,188.25299072265625
505.5826110839844,616.1033630371094,189.00088500976562,188.02325439453125
484.1618957519531,635.0445404052734,189.66287231445312,172.48495483398438
467.5290298461914,621.552375793457,192.52809143066406,184.6427459716797
441.0860290527344,626.7839126586914,195.90542602539062,181.02622985839844
444.868408203125,622.8107528686523,175.81863403320312,180.50233459472656
455.0925827026367,606.2322235107422,143.63536071777344,193.56533813476562
436.7840347290039,610.7243804931641,144.4483184814453,186.79147338867188
394.9756622314453,605.8452835083008,161.75341796875,187.3199920654297
418.68563079833984,624.5494384765625,120.49571228027344,167.658203125
319.28932189941406,632.9865646362305,196.58578491210938,159.25331115722656
303.50699615478516,625.7274932861328,199.80064392089844,177.44900512695312
280.8733139038086,647.6123352050781,204.5065460205078,153.74542236328125
261.9857482910156,651.3898849487305,207.16339111328125,158.31190490722656
241.1178207397461,623.0088577270508,190.8413848876953,171.51707458496094
226.63609313964844,608.8315734863281,161.98995971679688,189.1971435546875
199.13134002685547,602.3695983886719,183.85694885253906,201.10870361328125
179.74105834960938,610.996711730957,207.94842529296875,187.7679901123047
162.27243041992193,600.1176452636719,218.3900146484375,198.3140869140625
266.74340057373047,603.7231063842773,205.5584259033203,180.2108917236328
312.2526550292969,539.7494354248047,220.39404296875,258.3003845214844
284.56381225585943,495.3801574707031,271.5874633789062,296.9307861328125
136.745361328125,527.8178253173828,357.39849853515625,236.07327270507812
3.7165679931640625,261.8890380859375,264.1485900878906,308.54241943359375
0,202.878173828125,300.08050537109375,448.73101806640625
28.335250854492188,226.9253387451172,291.8437194824219,490.5395202636719
16.203399658203125,200.36631774902344,332.9556884765625,454.7519226074219
61.65460205078125,288.4726104736328,313.49713134765625,312.7704162597656
79.12760925292969,224.82530212402344,407.9731140136719,476.6101989746094
24.6378173828125,249.2001495361328,445.39764404296875,432.9272766113281
55.42991638183594,249.4395751953125,431.8537292480469,455.79571533203125
69.58506774902344,201.58718872070312,412.8101501464844,527.0887451171875
136.15504455566406,266.1196746826172,430.1056213378906,447.4132995605469
190.29937744140625,276.6687774658203,412.47113037109375,452.5857238769531
189.74969482421864,279.59266662597645,390.05621337890625,423.3635559082031
193.3296661376952,379.07720947265614,420.8750305175781,335.64398193359375
269.7340087890624,276.3464813232421,414.11712646484375,406.1625671386719
193.132843017578,292.0151824951171,560.6580810546875,422.8735046386719
246.2458496093749,250.3046417236327,458.46844482421875,488.9475402832031
97.74987792968727,271.6519317626951,564.2291870117188,451.1476135253906
170.56259155273415,205.14706420898415,598.0302734375,521.827392578125
324.008361816406,211.61315917968727,335.30426025390625,532.3776245117188
320.8583221435546,302.80514526367176,351.6126403808594,410.255126953125
337.6227569580077,237.3985900878905,353.6961975097656,371.43701171875
434.80841064453114,251.6457061767577,226.68731689453125,452.2302551269531
268.4381561279296,264.33782958984364,442.6206970214844,367.20233154296875
313.32968139648426,266.7105560302733,560.9530029296875,419.4777526855469
329.9392852783202,202.32086181640614,509.9667053222656,527.9351196289062
287.5189208984374,190.68656921386707,629.5296020507812,493.8923034667969
228.675323486328,200.86390686035145,535.5648193359375,500.4927062988281
400.19515991210926,282.70936584472645,532.6513671875,480.0781555175781
421.5477294921873,248.90397644042946,516.5028686523438,405.4831237792969
438.9151458740231,268.9867553710934,450.7847595214844,483.01007080078125
476.2012786865231,260.80412292480435,447.4338073730469,482.8163757324219
308.97094726562466,283.76403808593716,489.19708251953125,430.77252197265625
498.2235107421873,238.47883605957009,401.21954345703125,487.4006652832031
478.70295715331997,245.83802795410122,453.2556457519531,484.5462951660156
442.5022583007809,271.16975402831997,495.20501708984375,446.0200500488281
489.15534973144497,275.5010070800778,413.6719055175781,473.0006103515625
478.9711761474606,299.39533996581997,447.7801208496094,442.5339660644531
440.70443725585915,313.9561767578123,508.832763671875,443.67498779296875
312.8432617187498,263.7118988037107,555.4181518554688,428.4927673339844
463.6947631835935,280.8633117675779,479.25982666015625,463.9266357421875
455.7433929443358,272.83444213867176,503.2068786621094,500.878662109375
384.2275390624999,261.12013244628895,630.9959106445312,472.1153869628906
368.94403076171864,211.1093749999999,678.6022338867189,502.10589599609375
322.7362976074219,268.22824096679676,545.4095458984375,459.84130859375
507.3568572998046,199.68270874023415,494.2594909667969,504.7999267578125
541.7246398925779,85.94335937499966,641.20263671875,580.7997436523438
278.098205566406,208.97412109374966,728.6226196289062,516.4413452148438
548.3536376953123,258.8295288085934,645.5233764648438,528.5112915039062
205.99401855468727,196.07995605468716,808.1786499023438,513.9025268554688
350.503234863281,295.16906738281216,628.3416137695312,428.68035888671875
437.871154785156,191.00891113281216,632.6533813476562,581.6917114257812
424.3175354003904,252.1365356445309,598.5897216796875,505.20379638671875
407.6256408691404,163.8016967773434,648.6702880859375,569.8932495117188
121.98712158203102,258.0809478759762,688.6041870117188,468.3664855957031
362.4513244628904,277.62423706054653,634.446533203125,498.4029541015625
54.93920898437477,268.84591674804653,740.9307250976562,459.0157470703125
201.97579956054665,110.71282958984341,714.6763916015625,615.2409057617188
191.69110107421852,221.70195007324185,461.98968505859375,502.9203796386719
270.48373413085915,251.9874877929684,515.3001708984375,463.98040771484375
306.9759826660155,228.6350402832029,506.779052734375,542.9317626953125
1223.2691192626953,467.6416778564451,228.72744750976562,349.5251770019531
1275.8187103271484,584.8597412109373,202.96493530273438,230.62042236328125
1262.1105270385742,568.7101287841795,210.3241729736328,256.9571228027344
1224.5289993286133,572.830253601074,210.61790466308594,247.40553283691406
1194.953125,562.426071166992,227.7591552734375,258.7366638183594
1165.0538177490234,563.093322753906,214.34188842773438,257.5831298828125
1135.1958770751953,564.0365295410154,243.90780639648438,265.95941162109375
1095.9510803222656,562.2218627929685,240.55517578125,255.53912353515625
1081.7714462280273,557.6922912597654,248.41468811035156,261.06524658203125
1038.110450744629,564.3312911987302,247.1608123779297,250.9126739501953
1021.7680206298828,559.4815673828123,247.96749877929688,265.036376953125
1018.6425704956055,557.4138031005857,249.4862823486328,252.51614379882812
1009.0835037231445,558.0528259277341,250.61180114746094,247.95660400390625
953.7831573486328,552.1030273437498,246.44802856445312,265.5643310546875
941.1679382324219,562.822311401367,247.95098876953125,245.56826782226562
942.5092086791992,556.8482513427732,203.7550811767578,251.45834350585938
909.2881317138672,555.0436248779295,234.34335327148438,265.8014221191406
854.0361938476562,558.3597259521482,262.49554443359375,267.3163146972656
847.1277084350586,552.7191925048826,253.00819396972656,264.5723571777344
826.3215942382812,557.446334838867,252.6102294921875,259.6975402832031
764.9001922607422,555.386779785156,259.5682067871094,267.4698486328125
759.1036834716797,576.8945312499998,260.1656188964844,244.866455078125
766.5509490966797,568.8825836181638,258.1757507324219,262.2989807128906
758.3392028808594,580.5451049804685,267.3826904296875,245.04339599609375
770.1056213378906,587.7268142700193,260.1956787109375,235.9752655029297
784.1286163330078,568.3369369506834,253.96218872070312,254.5481719970703
778.1324462890625,563.9103851318357,264.03326416015625,264.7734680175781
788.5455017089844,568.473693847656,257.9566650390625,263.55029296875
801.3004302978516,559.8737792968748,256.0376281738281,270.499755859375
818.8480529785156,557.5588378906248,258.45947265625,273.433837890625
837.0966796875,559.2546081542966,253.98468017578125,271.92901611328125
845.3544311523438,561.5329284667966,261.23345947265625,269.53070068359375
853.611572265625,581.5275497436521,267.18475341796875,254.5457305908203
862.5603942871094,568.8618927001951,261.7579345703125,261.4441833496094
840.2962493896484,568.2157592773435,260.7959899902344,255.4920654296875
801.3742828369141,564.1683654785154,245.19686889648438,268.60333251953125
814.6452407836914,563.6499176025388,255.3358612060547,271.3876647949219
827.9893569946289,571.6333312988279,255.8694305419922,265.05523681640625
851.2778930664062,570.8642730712888,255.7559814453125,272.1120300292969
868.6355667114258,572.3808746337888,255.02281188964844,273.8105163574219
881.3210754394531,573.9796600341795,256.39910888671875,270.0322570800781
900.5343170166016,573.192932128906,257.5241394042969,270.6796875
920.6329803466797,575.1824493408201,262.0632629394531,278.9384460449219
935.1148071289062,575.3099365234373,262.98486328125,275.087890625
949.7680206298828,575.9157104492185,266.1469421386719,277.807861328125
976.9878082275391,575.4877929687498,256.4504089355469,273.6417236328125
994.1812744140625,576.094284057617,258.675537109375,268.5587463378906
1013.4900360107422,571.8346405029295,257.2210998535156,280.2828674316406
1026.4523010253906,578.0748901367185,261.74273681640625,278.5584716796875
1030.6334228515625,579.3470764160154,269.588623046875,274.56341552734375
1049.8417510986328,581.801574707031,258.9736022949219,270.6263427734375
1049.0809783935547,581.636764526367,265.6535949707031,270.3828430175781
1057.9375610351562,579.4122772216795,255.0794677734375,271.4110412597656
1082.9988250732422,580.6815948486326,244.89370727539062,269.0923767089844
1114.5090942382812,585.5434722900388,248.171142578125,275.5000915527344
1143.2434768676758,585.1147308349607,241.40391540527344,281.2925109863281
1159.9089736938477,580.4984436035154,239.6768035888672,284.61846923828125
1189.2567901611328,584.1694030761716,236.37362670898438,283.40936279296875
1221.6448669433594,590.6775970458982,223.56463623046875,276.7685852050781
1253.6253509521484,597.6399230957029,208.41946411132812,269.8653564453125
1272.0111770629883,601.6857299804685,201.0815887451172,264.7965087890625
1303.6976623535156,605.4902038574216,181.488037109375,261.67803955078125
1326.8312072753906,596.8298187255857,167.45697021484375,271.5320129394531
1344.929054260254,603.8204040527341,143.6365203857422,263.45941162109375
1360.8170585632324,606.3968048095701,126.5008316040039,256.2928161621094
1367.3438987731934,607.3520660400388,119.57093048095703,256.2018737792969
1380.0962257385254,609.1387100219724,104.21373748779297,252.3431854248047
1380.2453002929688,614.5589523315427,101.48748779296875,243.7884063720703
1383.2287483215332,612.2304840087888,91.43636322021484,244.37246704101562
1380.7509574890137,612.7439651489256,83.82682037353516,242.8332977294922
1378.1617965698242,614.5601959228513,79.01521301269531,237.33877563476562
1371.3415718078613,617.9057235717771,77.3689193725586,232.6758575439453
1354.6555557250977,618.4223709106443,87.09794616699219,228.61265563964844
1332.1738662719727,618.7261962890623,108.46415710449219,228.58489990234375
1307.5187721252441,621.2245254516599,127.67534637451172,225.46165466308594
1280.6053848266602,618.9439544677732,142.03990173339844,226.08407592773438
1255.254753112793,619.4416122436521,154.1855010986328,224.22584533691406
1233.9342346191406,623.0241622924802,161.98297119140625,219.87123107910156
1216.268196105957,621.1016998291013,166.95262145996094,219.64614868164062
1201.5465698242188,619.4177017211912,162.52655029296875,220.2098846435547
1182.084701538086,622.1861648559568,162.06893920898438,216.32286071777344
1166.4331283569336,625.881393432617,166.09425354003906,209.79605102539062
1152.2950897216797,621.4785537719724,158.41213989257812,215.0436248779297
1136.0708847045898,624.4738616943357,151.2173614501953,208.88955688476562
1123.1202926635742,624.0771102905271,142.9709014892578,207.77369689941406
1123.1233177185059,624.221984863281,127.15131378173828,202.52618408203125
1113.580192565918,628.1030807495115,113.35926818847656,199.19447326660156
1083.8406143188477,628.0039062499998,124.31718444824219,194.40020751953125
1061.6904602050781,630.4587936401365,134.60797119140625,195.2685089111328
1037.5540237426758,627.9306564331052,148.47471618652344,201.09913635253906
1020.6804733276367,630.7098541259763,152.3158721923828,196.45986938476562
1002.5657119750977,631.3339004516599,154.12730407714844,192.15171813964844
988.9442138671875,628.0879745483396,154.813720703125,195.0207061767578
971.9936828613281,626.5334014892576,150.66827392578125,195.16763305664062
956.883430480957,636.2695617675779,148.18064880371094,181.41412353515625
934.0583648681641,627.4741897583006,150.44125366210938,189.1672821044922
915.2690582275391,636.9934158325193,156.21524047851562,175.84983825683594
891.6890182495117,633.6903533935545,160.71998596191406,180.17208862304688
873.7412719726562,640.4790954589841,162.31201171875,170.7391357421875
853.2725143432617,623.7758407592771,165.8550567626953,185.98939514160156
834.8322067260742,631.3083419799802,170.19056701660156,177.9829864501953
810.8093414306641,619.3500976562498,172.18637084960938,180.4678955078125
790.4104232788086,619.943405151367,172.6544952392578,175.76333618164062
766.4245300292969,640.2268905639646,176.94482421875,164.84230041503906
749.5429992675781,640.2142562866209,175.06329345703125,166.9710235595703
729.8941497802734,622.0746002197263,173.25613403320312,174.08285522460938
714.6034469604492,633.1608428955076,173.5979766845703,165.42459106445312
714.1665191650391,627.9866714477537,159.11276245117188,172.23350524902344
712.4573135375977,617.0635604858396,143.40135192871094,179.8229522705078
707.9994964599609,626.191337585449,136.11764526367188,174.3977813720703
753.6653480529785,631.6381835937498,120.06774139404297,169.87249755859375
752.1915588378906,636.1912536621091,136.22235107421875,170.33404541015625
720.065559387207,661.9353103637693,171.9376678466797,156.61912536621094
703.5147476196289,655.2486267089841,175.71958923339844,153.26690673828125
688.086669921875,676.6445007324216,182.1844482421875,134.065185546875
679.4441604614258,677.8466339111326,180.1191864013672,146.21524047851562
669.4017028808594,637.9034271240232,125.93560791015625,164.33438110351562
664.6160583496094,638.0804672241209,162.55291748046875,172.3313751220703
673.4893264770508,660.7506942749021,163.61412048339844,153.13514709472656
676.6123504638672,638.7253265380857,168.34579467773438,175.88381958007812
680.5071487426758,645.7023773193357,187.38975524902344,173.11904907226562
690.9957733154297,637.8407287597654,177.70211791992188,179.304931640625
682.6906509399414,643.4629669189451,175.9421844482422,173.86410522460938
679.0469589233398,634.9126815795896,181.90492248535156,183.06568908691406
683.1433181762695,645.496284484863,178.14634704589844,175.22569274902344
682.7430953979492,635.0074691772459,182.2561798095703,185.82814025878906
701.1388778686523,656.9540252685545,179.4881134033203,167.72500610351562
702.6753463745117,654.2770385742185,180.6479034423828,166.21221923828125
731.8920211791992,644.3865814208982,179.31996154785156,183.95040893554688
745.8476486206055,640.8137130737302,189.13575744628906,184.8322296142578
767.9717712402344,639.7882232666013,179.823486328125,183.92947387695312
806.5546340942383,644.4822463989256,176.4740447998047,185.35813903808594
841.5414962768555,640.2444992065427,168.88734436035156,191.5172882080078
856.4846878051758,650.2086410522459,175.66062927246094,187.5424346923828
864.818733215332,646.0945968627927,173.9797821044922,188.0380401611328
