991.0,433.0,282.0,224.0
1014.7053833007812,414.97460174560547,262.82275390625,243.83204650878906
1023.6065521240234,409.84361267089844,258.4020080566406,249.94888305664062
1031.073745727539,407.7501754760742,267.8722839355469,252.80067443847656
1037.8980102539062,404.0279083251953,273.3751220703125,261.3529968261719
1051.84521484375,416.3858947753906,273.9468994140625,259.28814697265625
1053.5844421386719,424.6222457885742,275.67889404296875,249.86720275878906
1073.8467407226562,436.54234313964844,265.566650390625,241.61978149414062
1086.2567977905273,437.8486099243164,255.9678497314453,243.7754364013672
1085.684326171875,429.8226623535156,263.70904541015625,245.468505859375
1084.4065246582031,423.00399017333984,265.55517578125,248.6942901611328
1095.3655242919922,430.72037506103516,262.7349548339844,245.3455047607422
1088.3616485595703,424.5386276245117,259.5790100097656,241.2920684814453
1084.8744659423828,425.68019104003906,267.3965759277344,242.15280151367188
1080.9535522460938,422.88331604003906,270.97222900390625,241.25149536132812
1099.830093383789,430.2598342895508,257.5813293457031,234.6505584716797
1116.6723709106445,434.63069915771484,250.0751190185547,233.0522003173828
1122.9450912475586,438.2924041748047,250.77333068847656,235.26864624023438
1144.2496490478516,447.94486236572266,241.49819946289062,251.46385192871094
1153.5661010742188,451.31893157958984,258.335205078125,252.8699493408203
1184.9250869750977,480.1185760498047,245.9985809326172,257.4431457519531
1218.5156478881836,490.250732421875,194.9131622314453,275.81640625
1222.6630554199219,507.32249450683594,173.7440185546875,257.1701965332031
1198.1144714355469,521.491325378418,173.65496826171875,241.74452209472656
1239.3837432861328,546.0045394897461,138.94851684570312,208.9867706298828
1246.954948425293,545.0289535522461,128.41871643066406,224.1970977783203
1232.0388717651367,597.0244827270508,151.7583770751953,161.95310974121094
1260.4946517944336,569.7218246459961,134.7609405517578,188.4038848876953
1262.4912643432617,615.6912994384766,154.78163146972656,163.41995239257812
1229.838882446289,590.7409896850586,134.57998657226562,192.3057403564453
1091.1350708007812,698.8494338989258,232.54254150390625,107.92820739746094
1078.7568664550781,544.8136291503906,149.23345947265625,271.49627685546875
1089.4944610595703,695.7738342285156,218.86447143554688,258.70379638671875
1188.891586303711,624.8638153076172,365.9983215332031,318.5226135253906
1201.0330200195312,682.1381072998047,317.420166015625,328.3203430175781
1207.3829498291016,667.8745422363281,320.4435729980469,370.71539306640625
1218.7579040527344,648.2649383544922,311.05389404296875,396.6324768066406
1221.1069946289062,558.7077484130859,281.6907958984375,500.9626770019531
1204.4414367675781,684.9541015625,312.61517333984375,385.4371337890625
1193.6669387817383,535.6542358398438,232.75865173339844,376.859375
1202.0558242797852,485.54420471191406,212.7786102294922,364.6203308105469
1166.7809143066406,464.84324645996094,245.91961669921875,240.79537963867188
1156.960952758789,442.18202209472656,234.12338256835938,239.06875610351562
1143.1449890136719,434.47859954833984,234.83709716796875,252.2561798095703
1135.7749786376953,437.18748474121094,241.48825073242188,274.4181213378906
1158.771842956543,491.7259826660156,231.13893127441406,329.26556396484375
1177.1863403320312,539.4612426757812,230.1806640625,349.968505859375
1199.1466827392578,564.7005462646484,235.05319213867188,325.8835754394531
1219.2025756835938,655.1477813720703,243.623046875,345.3261413574219
1222.648178100586,664.4994659423828,267.5455627441406,356.4320983886719
1224.4754028320312,624.0803375244141,285.22607421875,389.7740173339844
1208.3410034179688,634.7592620849609,291.8695068359375,365.2752990722656
1156.0298767089844,697.4164428710938,338.67816162109375,289.1044921875
1153.0037384033203,709.9015197753906,305.4064636230469,292.22418212890625
1178.8473358154297,637.0391998291016,316.3976135253906,377.0158386230469
1204.7300720214844,621.4265441894531,294.85882568359375,458.5734558105469
1041.5031433105469,549.5100860595703,256.17523193359375,530.4185791015625
1146.2387084960938,628.7354431152344,333.7716064453125,448.7586364746094
1103.7168273925781,555.4011077880859,326.74249267578125,448.69720458984375
1091.2456665039062,531.6924743652344,274.4708251953125,369.4616394042969
1083.566032409668,509.08233642578125,244.75550842285156,274.9289855957031
1071.4441452026367,469.0569763183594,217.5857696533203,269.4513854980469
1050.5780334472656,425.5655212402344,232.375732421875,286.6658020019531
1045.0255813598633,407.66587829589844,226.3639373779297,297.9180908203125
1054.2856521606445,448.6906433105469,220.9166717529297,283.0713195800781
1088.1865997314453,504.03289794921875,213.67190551757812,270.5824890136719
1143.538429260254,590.8993988037109,202.33335876464844,250.1517333984375
1163.6814270019531,652.6685638427734,208.6817626953125,257.86767578125
1202.2427368164062,666.9641265869141,159.2142333984375,265.48968505859375
1216.5499725341797,659.2258911132812,163.04965209960938,295.2950744628906
1209.4825592041016,652.2818145751953,291.9470520019531,322.04248046875
1149.6499938964844,641.1903686523438,414.708740234375,336.8917541503906
1205.1131439208984,608.0001983642578,293.0193786621094,426.75537109375
1250.2188568115234,599.7987060546875,317.6366882324219,427.6931457519531
1259.2376708984375,591.8299865722656,316.37347412109375,404.0619812011719
1269.6212615966797,587.3284301757812,309.5735778808594,384.8940734863281
1270.466064453125,622.8073425292969,293.78558349609375,345.6668395996094
1285.600944519043,609.1699523925781,245.2743682861328,458.1941833496094
1237.2820434570312,612.2592620849609,290.79315185546875,457.68035888671875
1094.245864868164,553.0597534179688,265.5566711425781,462.0012512207031
1089.5780181884766,539.0013580322266,241.35574340820312,496.7994384765625
1070.7283935546875,549.0280151367188,240.04852294921875,464.8388977050781
1069.6302642822266,592.1907958984375,255.72537231445312,397.1560363769531
1053.1045608520508,588.1188812255859,249.1311492919922,422.30413818359375
1058.3978424072266,548.5707550048828,250.39443969726562,455.393798828125
1040.774429321289,513.6758270263672,245.47805786132812,364.83685302734375
1127.8398742675781,625.371696472168,259.4542236328125,217.8667449951172
1156.926773071289,603.9904098510742,237.31948852539062,163.9919891357422
1141.7407455444336,580.3033828735352,186.02845764160156,198.2838897705078
1328.4260444641113,566.2522354125977,108.0553207397461,245.3217315673828
1302.1168670654297,563.6900939941406,119.22262573242188,250.96652221679688
1277.3362884521484,570.5880126953125,120.62991333007812,255.33633422851562
1265.2925910949707,591.4387893676758,122.76119232177734,229.92335510253906
1063.4346771240234,605.4345169067383,255.59518432617188,144.0487823486328
1036.7951049804688,556.0518646240234,133.97637939453125,333.7962646484375
1194.6083679199219,645.7605133056641,180.68408203125,271.75537109375
1175.410255432129,655.4212951660156,201.5261688232422,261.0233459472656
1161.7696914672852,647.2610321044922,202.48362731933594,258.09490966796875
1114.0307998657227,683.9474258422852,230.2744598388672,214.92543029785156
1083.9606704711914,682.17041015625,233.13047790527344,215.47561645507812
1099.8428955078125,665.6041870117188,201.57861328125,237.90518188476562
1077.9337005615234,695.7389221191406,261.0401916503906,193.01022338867188
1122.6647491455078,685.1096420288086,223.84951782226562,200.22825622558594
1137.4481506347656,680.7092971801758,234.34368896484375,196.44606018066406
1175.611717224121,685.2519760131836,243.4258575439453,185.02659606933594
1234.7310028076172,605.3809814453125,201.25485229492188,268.9698791503906
1246.039924621582,678.9871063232422,178.73411560058594,336.94549560546875
1248.9558334350586,623.1033935546875,177.75379943847656,379.1582336425781
1243.601661682129,636.6977233886719,178.53684997558594,382.1112976074219
1245.7207870483398,634.9586639404297,192.67323303222656,285.27117919921875
1244.7595901489258,615.4183349609375,177.8093719482422,306.4832458496094
1225.963851928711,603.4619445800781,201.10025024414062,323.6922302246094
1220.2598190307617,603.6258850097656,204.37904357910156,336.4933776855469
1222.005615234375,553.9067535400391,175.50836181640625,314.43603515625
1205.203971862793,552.6175842285156,204.74256896972656,250.67929077148438
1212.4093627929688,535.4687957763672,173.2982177734375,263.0294189453125
1183.4580383300781,492.5838088989258,125.27178955078125,184.2532501220703
1185.3619346618652,470.68074798583984,126.63312530517578,179.45079040527344
1182.7734451293945,449.02266693115234,123.54118347167969,182.69456481933594
1191.9372863769531,458.8206558227539,120.22308349609375,181.11915588378906
1190.2052192687988,487.49556732177734,124.8376693725586,178.0843963623047
1195.9189376831055,522.150390625,136.0850372314453,177.57571411132812
1132.5788345336914,548.3627853393555,141.57884216308594,159.4105682373047
1134.606601715088,551.3560409545898,116.52153778076172,169.06578063964844
1156.553810119629,585.4119033813477,122.85057067871094,230.6822052001953
1216.5391235351562,633.2460861206055,223.3236083984375,245.6312713623047
1206.4489288330078,615.5811309814453,203.45236206054688,280.64776611328125
1202.0564575195312,616.4246063232422,258.384765625,246.00616455078125
1205.9620666503906,596.4360198974609,226.3446044921875,348.59661865234375
1232.0572357177734,623.4015045166016,203.52328491210938,307.4715576171875
1207.9396667480469,604.6639556884766,193.6053466796875,361.8624267578125
1199.32373046875,575.906982421875,211.97039794921875,398.8080139160156
1213.4520263671875,587.1421051025391,209.85723876953125,275.9320068359375
1184.136703491211,598.8230133056641,195.70547485351562,426.5546875
1166.012092590332,567.6220550537109,209.17185974121094,503.20806884765625
1148.233627319336,520.082763671875,238.88113403320312,451.7652893066406
1139.3310470581055,539.6771850585938,229.98670959472656,476.8965148925781
1111.3236618041992,553.5226440429688,202.11024475097656,449.3915100097656
1107.7527770996094,529.2848358154297,171.69805908203125,499.30377197265625
1097.0587005615234,667.1329193115234,256.2507629394531,377.75335693359375
1111.6398468017578,606.4323272705078,254.02780151367188,442.392822265625
1139.7858352661133,623.2575988769531,239.06883239746094,437.5237731933594
1154.259178161621,664.8646545410156,240.6665802001953,385.5997009277344
1197.736198425293,609.2721252441406,241.54774475097656,406.7665710449219
1174.791732788086,574.6097564697266,233.97024536132812,458.8621826171875
1171.450050354004,576.4381256103516,253.8682098388672,435.8087158203125
1194.2746810913086,583.3973846435547,243.8462677001953,491.29901123046875
1191.127212524414,579.4030303955078,270.5767517089844,475.0565185546875
1184.4386749267578,537.8195648193359,259.6372985839844,483.48187255859375
1188.11181640625,559.2486877441406,230.0196533203125,482.7008972167969
1218.1455841064453,562.1385803222656,215.48056030273438,466.7989196777344
1193.1438598632812,559.5064239501953,223.8206787109375,427.883056640625
1200.4823150634766,585.0553436279297,226.43893432617188,414.98126220703125
1176.5801544189453,601.0787963867188,234.96115112304688,381.5599670410156
1172.2750091552734,628.0797576904297,235.60440063476562,350.67401123046875
1175.3270721435547,630.6153259277344,196.42434692382812,344.2920837402344
1139.4517974853516,624.9031829833984,201.12478637695312,313.689208984375
1133.806739807129,630.4510498046875,180.7123260498047,289.8459777832031
1122.245750427246,630.8704223632812,187.3688507080078,275.4777526855469
1115.8115615844727,624.1643829345703,195.03709411621094,275.29205322265625
1118.125846862793,626.6994476318359,180.1481475830078,267.29669189453125
1119.5373764038086,636.1782836914062,188.8356475830078,262.5749816894531
1120.4304504394531,624.9403076171875,196.799072265625,280.3420715332031
1121.2604370117188,649.6758193969727,182.00830078125,253.56715393066406
1125.5140991210938,626.228271484375,176.8846435546875,272.0066223144531
1125.5438613891602,627.9194946289062,224.60227966308594,278.1283874511719
1125.133445739746,632.9660186767578,164.85829162597656,257.35455322265625
1118.8977966308594,625.7607116699219,189.825439453125,266.7604064941406
1118.7070236206055,631.3740997314453,162.31922912597656,259.49237060546875
1127.3706588745117,627.6788330078125,179.20863342285156,264.3012390136719
1114.8192596435547,625.0121154785156,236.30795288085938,266.8693542480469
1117.5469818115234,622.4748840332031,172.20541381835938,265.2986755371094
1121.3381271362305,594.8055267333984,189.7998809814453,299.21917724609375
1125.0709915161133,558.4708404541016,186.4276580810547,347.26788330078125
1141.265251159668,518.2989654541016,175.5938262939453,381.930908203125
1152.140640258789,513.7101745605469,147.45449829101562,368.3731384277344
1156.0753326416016,525.209602355957,175.18777465820312,149.4387969970703
1153.5089874267578,523.6385498046875,209.69833374023438,131.37008666992188
1184.2560501098633,508.87176513671875,191.82090759277344,174.78671264648438
1232.771583557129,494.80128479003906,152.89817810058594,211.6009521484375
1252.5135116577148,484.61285400390625,144.33534240722656,208.17489624023438
1296.295352935791,492.6290817260742,114.88860321044922,203.27684020996094
1352.3276748657227,460.3926315307617,67.07658386230469,253.01878356933594
1373.314109802246,465.4600830078125,73.71961975097656,269.2525329589844
1374.4318084716797,463.3708038330078,75.04507446289062,265.97613525390625
1386.688102722168,465.2865905761719,74.39857482910156,260.1120910644531
1406.9825744628906,462.7329864501953,64.5185546875,220.57012939453125
1436.3764152526855,444.2784881591797,72.7175064086914,225.413818359375
1447.024757385254,433.9166793823242,100.30369567871094,215.9933624267578
1450.8363342285156,429.8051452636719,129.936767578125,209.61376953125
1457.8255996704102,419.4187927246094,144.49790954589844,208.71875
1460.4504013061523,425.3823699951172,139.4409942626953,204.65487670898438
1447.681022644043,428.3808364868164,144.68995666503906,208.96592712402344
1435.632957458496,429.94612884521484,136.5603790283203,207.9638214111328
1427.5493469238281,435.1383056640625,95.5401611328125,246.9471435546875
1405.1464004516602,438.40965270996094,85.88407897949219,266.3583679199219
1362.8439979553223,438.6695556640625,116.05400848388672,237.21673583984375
1321.7287902832031,458.41768646240234,130.7349853515625,235.9212188720703
1322.768684387207,468.8330841064453,103.28886413574219,261.2600402832031
1326.9595489501953,493.31199645996094,134.39486694335938,217.91201782226562
1194.337028503418,527.237663269043,184.12171936035156,207.3537139892578
1114.592918395996,607.1711120605469,171.8075714111328,354.606201171875
1112.8025283813477,622.4072113037109,145.81541442871094,321.7315979003906
1096.313003540039,630.5283660888672,140.75857543945312,292.7539367675781
1123.1015853881836,532.6617584228516,170.61647033691406,343.8834533691406
1093.310775756836,519.0023345947266,163.99331665039062,381.9617614746094
1109.1945190429688,513.4892578125,177.4498291015625,360.4852294921875
1183.5502128601074,400.2559509277344,126.74308013916016,362.8453369140625
1206.333065032959,391.1612777709961,107.59815216064453,209.6427764892578
1214.8334465026855,411.3044242858887,85.4916763305664,126.91165924072266
1216.8667526245117,416.5207328796387,77.76539611816406,105.79969024658203
1218.4177894592285,416.835018157959,77.47527313232422,106.18006134033203
1217.3706512451172,416.2126007080078,76.97000122070312,123.23956298828125
1215.5355606079102,414.8707275390625,76.26737976074219,138.14828491210938
1218.3802070617676,412.6054229736328,80.8008041381836,177.43820190429688
1216.3437004089355,414.908935546875,76.22464752197266,147.67129516601562
1217.5289840698242,423.64359283447266,81.78712463378906,181.44175720214844
1216.4975509643555,414.0050506591797,77.85835266113281,225.20468139648438
1217.196460723877,536.1329116821289,82.4671859741211,203.20066833496094
1212.7958755493164,544.536735534668,87.11399841308594,194.5386505126953
1204.656723022461,575.8201217651367,100.49050903320312,175.77821350097656
1206.1693229675293,566.978401184082,98.35318756103516,189.8538055419922
1203.364013671875,563.7402648925781,100.90533447265625,196.9488525390625
1208.1717338562012,546.4462738037109,87.60037994384766,211.17337036132812
1203.9792098999023,551.198127746582,103.06660461425781,207.51194763183594
1200.9349403381348,560.7479019165039,122.92717742919922,213.84324645996094
1206.4970169067383,579.2754287719727,137.27452087402344,204.92173767089844
1212.0861129760742,484.81837463378906,116.26161193847656,286.7317810058594
1208.716896057129,404.7028350830078,97.89341735839844,303.7317199707031
1249.7048606872559,577.0377502441406,100.68470001220703,198.8211669921875
1255.2157363891602,542.7444610595703,157.5134735107422,217.44674682617188
1260.5395278930664,529.1013641357422,147.1979217529297,221.79043579101562
1314.5333251953125,511.39320373535156,110.00341796875,202.44815063476562
1329.4894409179688,487.75079345703125,110.41619873046875,204.72235107421875
1223.4777603149414,436.6523323059082,222.3079071044922,121.33989715576172
1342.4923248291016,444.4814453125,114.14602661132812,214.32473754882812
1332.5101356506348,438.18180084228516,117.64550018310547,203.3738555908203
1233.284324645996,405.1404800415039,208.17640686035156,121.65248107910156
1288.5112228393555,409.95751953125,140.9096221923828,207.76962280273438
1218.7436752319336,417.64991760253906,170.12318420410156,226.27166748046875
1234.833625793457,389.82289123535156,131.1539764404297,359.9937744140625
1216.441505432129,381.7058563232422,147.7498016357422,393.202392578125
1208.1751174926758,388.051513671875,168.71409606933594,378.7813415527344
1200.8620071411133,353.31800842285156,201.23179626464844,446.4447021484375
1213.6557540893555,379.8442077636719,190.27210998535156,339.4950866699219
1262.688117980957,367.5151672363282,178.40599060058594,191.14767456054682
1273.856216430664,415.44580841064453,151.31100463867188,164.80213928222656
1246.7059860229492,402.070068359375,183.17665100097656,204.59811401367188
1214.302719116211,413.90960693359375,181.40469360351562,233.97183227539062
1220.4536895751953,479.7336120605469,152.11752319335938,269.1807556152344
1217.3564338684082,415.2938232421875,126.54378509521484,310.6610412597656
1216.1220512390137,406.7171325683594,119.17569732666016,329.4158020019531
1196.4898223876953,543.9085998535156,134.75949096679688,214.05123901367188
1192.9518280029297,546.6826629638672,130.23159790039062,215.0333251953125
1190.4336547851562,548.2942428588867,131.34228515625,226.13059997558594
1185.3001556396484,556.5266265869141,141.57308959960938,196.5906982421875
1201.1136474609375,557.9466705322266,121.82049560546875,196.54022216796875
1210.3085479736328,556.0456771850586,112.09732055664062,206.4418182373047
1213.708023071289,552.8735122680664,104.50692749023438,209.1667022705078
1216.2726783752441,550.842399597168,115.25170135498047,230.61778259277344
1214.721824645996,553.6209945678711,122.39167785644531,223.4287567138672
1221.1928634643555,553.4134826660156,116.35890197753906,260.4477233886719
1220.5862922668457,549.1352767944336,120.42232513427734,251.85606384277344
1207.795280456543,547.877067565918,137.2458038330078,253.4701385498047
1218.923324584961,602.5816497802734,135.87466430664062,375.3270263671875
1192.861557006836,581.3611145019531,180.70816040039062,402.0631408691406
1247.2967376708984,598.5208358764648,175.32205200195312,239.97630310058594
1210.941780090332,576.3304290771484,191.4016571044922,396.66217041015625
1202.189468383789,573.2569580078125,211.02139282226562,386.3979797363281
1205.8958587646484,602.5219421386719,235.83651733398438,378.5336608886719
1222.0475540161133,605.8615570068359,204.9061737060547,334.42352294921875
1229.0384674072266,592.8897705078125,192.97415161132812,373.5799865722656
1226.5131149291992,560.5121307373047,229.8878936767578,418.05572509765625
1237.0150756835938,576.8869934082031,245.59332275390625,415.9318542480469
1247.7032928466797,548.9600372314453,213.64694213867188,424.566650390625
1246.516700744629,555.7259826660156,233.30235290527344,415.5606384277344
1244.2994689941406,545.12744140625,200.0804443359375,461.5693664550781
1232.0374374389648,563.4775085449219,179.10328674316406,459.8415222167969
1221.4993209838867,623.9707183837891,166.4185333251953,416.6002197265625
1367.7210083007812,510.10084533691406,161.04364013671875,259.38714599609375
1318.0216598510742,515.6908798217773,164.46815490722656,237.5406951904297
1264.1599349975586,518.2392349243164,166.66029357910156,216.67982482910156
1214.2494583129883,519.6074676513672,155.5515594482422,199.3892822265625
1151.9647521972656,519.2517242431641,133.0653076171875,199.6104736328125
1093.9837493896484,520.0360870361328,125.12362670898438,202.12786865234375
1043.1391830444336,511.44168853759766,128.86451721191406,197.9141387939453
1003.0885848999023,506.71158599853516,132.87025451660156,190.6165313720703
976.0396041870117,506.2211151123047,141.0017852783203,181.8570556640625
948.9492340087891,509.8099670410156,148.84976196289062,187.84982299804688
917.4865951538086,521.6022720336914,126.59431457519531,187.4463653564453
877.9960327148438,531.4934463500977,102.2584228515625,193.76014709472656
844.7490501403809,531.4580154418945,90.6451187133789,204.8295440673828
809.7690277099609,524.2958068847656,85.0673828125,196.42453002929688
797.9523124694824,519.0042037963867,86.8178482055664,212.97703552246094
793.5235595703125,529.8576431274414,88.488037109375,207.61500549316406
792.9558753967285,532.985725402832,98.74748992919922,204.36769104003906
800.4315757751465,532.6224517822266,108.58002471923828,199.4583740234375
823.1232376098633,542.6189651489258,118.95390319824219,190.02235412597656
856.7450103759766,541.4019012451172,140.59982299804688,193.18878173828125
873.9925384521484,536.2643432617188,155.51596069335938,221.34414672851562
907.1876373291016,522.7374420166016,136.04782104492188,224.79400634765625
929.762809753418,515.5834426879883,123.77992248535156,204.7293243408203
963.517204284668,512.302604675293,130.17189025878906,202.95225524902344
1007.520580291748,511.0913543701172,124.37284088134766,197.63232421875
1053.0000610351562,521.934944152832,139.00238037109375,185.81422424316406
1119.9445037841797,529.2844772338867,110.30783081054688,175.27915954589844
1164.140625,533.2662963867188,103.2664794921875,166.34774780273438
1199.3861846923828,526.4222259521484,96.82852172851562,161.15048217773438
1232.8358459472656,513.6036071777344,87.51995849609375,160.67977905273438
1273.9445266723633,492.8725128173828,83.22142028808594,159.19183349609375
1300.640811920166,471.30397033691406,91.79644012451172,154.84909057617188
1322.3279037475586,455.54103088378906,99.34748840332031,154.99285888671875
1345.9580841064453,445.4244689941406,102.01187133789062,173.22879028320312
1365.2996788024902,423.2959518432617,106.19672393798828,156.2284698486328
1393.6203422546387,413.7863998413086,105.98075103759766,165.2926483154297
1423.2389297485352,420.3042907714844,113.87791442871094,142.31387329101562
1442.973777770996,431.02333068847656,125.57344055175781,145.1103515625
1471.736686706543,459.3036117553711,129.7960968017578,149.7480926513672
1495.9762802124023,493.9758758544922,125.08937072753906,176.37469482421875
1513.3301010131836,514.95458984375,117.70326232910156,178.83309936523438
1523.7437362670898,563.8872756958008,113.74745178222656,160.51393127441406
1514.084056854248,601.9241409301758,118.2219009399414,172.73085021972656
1514.4094314575195,632.0014419555664,99.31675720214844,189.6173858642578
1458.1094970703125,576.2911987304688,148.67828369140625,261.46807861328125
1272.8554229736328,539.4793701171875,131.86605834960938,382.81195068359375
1273.7358512878418,548.4928131103516,123.4756851196289,377.2736511230469
1264.3695449829102,686.1529083251953,135.1864471435547,237.81320190429688
1258.2080917358398,675.9966583251953,153.3161163330078,256.5217590332031
1251.828182220459,691.9800720214844,119.24146270751953,239.7491455078125
1254.2952499389648,699.9192810058594,146.3813018798828,230.24432373046875
1236.9795837402344,697.2870178222656,127.355224609375,231.56103515625
1232.652458190918,686.8720779418945,147.24598693847656,251.69139099121094
1222.4206008911133,677.3473052978516,122.10978698730469,261.8144836425781
1233.5514678955078,708.7155609130859,107.52853393554688,234.95834350585938
1225.1598014831543,714.9967575073242,109.9382095336914,225.98854064941406
1225.0540084838867,727.0811386108398,149.6671905517578,217.5478057861328
1212.3054122924805,717.50146484375,144.18434143066406,244.2781982421875
1209.7096252441406,719.5535736083984,162.1893310546875,257.2049255371094
1198.9365310668945,709.0126953125,132.71018981933594,296.8590087890625
1177.1305694580078,728.8553924560547,142.36489868164062,298.8146667480469
1156.8653717041016,762.7505187988281,142.29116821289062,258.2388916015625
1147.4822998046875,778.6534042358398,135.84747314453125,236.77015686035156
1149.7234992980957,767.4584884643555,125.1695785522461,249.1664581298828
1165.5996131896973,790.1886901855469,97.33733367919922,238.67828369140625
1186.3701629638672,799.1517028808594,73.63156127929688,226.11322021484375
1191.3331050872803,800.9158630371094,63.0728645324707,223.61993408203125
1178.747402191162,824.6825408935547,82.9000015258789,181.01559448242188
1190.6309661865234,891.002513885498,169.99725341796875,107.63968658447266
1177.8132781982422,874.7424545288086,171.185546875,119.72102355957031
1167.5711212158203,794.6457824707031,139.09295654296875,223.1334228515625
1127.2463073730469,558.7806777954102,167.89724731445312,248.51390075683594
961.3737487792969,490.4827423095703,138.643310546875,152.62399291992188
934.0444183349609,489.22833251953125,143.21865844726562,159.755615234375
915.0189590454102,486.48201751708984,137.24620056152344,163.3887481689453
888.2370529174805,478.7237548828125,130.4357452392578,167.13885498046875
864.5894165039062,472.7289352416992,124.650634765625,167.33058166503906
840.8219223022461,470.9490051269531,136.10011291503906,167.52001953125
831.1941833496094,478.2963409423828,147.99200439453125,166.13809204101562
832.2172164916992,486.76380157470703,155.52906799316406,162.3455047607422
842.5599975585938,489.95816802978516,171.08636474609375,159.23289489746094
860.896728515625,492.25775146484375,151.71002197265625,162.6820068359375
876.3863983154297,486.14009857177734,157.86862182617188,176.64381408691406
918.7118606567383,508.6125030517578,165.6683807373047,293.3352355957031
930.0465545654297,480.42476654052734,159.18295288085938,178.29725646972656
956.4014434814453,449.2763671875,118.19332885742188,191.5850830078125
980.1993751525879,441.55640411376953,102.33141326904297,207.0310516357422
1002.5539588928223,411.43670654296875,80.63188934326172,375.20892333984375
1019.9650993347168,398.97401428222656,79.22110748291016,378.9416809082031
1023.6489944458008,396.7210159301758,84.94364929199219,238.7380828857422
1027.592414855957,398.2505340576172,102.18223571777344,231.67501831054688
1039.3497047424316,401.81761932373047,102.55687713623047,223.0084991455078
1042.621437072754,418.87488555908203,107.86717224121094,228.87229919433594
1028.7105979919434,400.76549530029297,111.16278839111328,210.9649200439453
1036.8860778808594,490.21158599853516,177.0640869140625,170.9081268310547
1051.9992370605469,502.39185333251953,188.76617431640625,154.0310516357422
1081.109130859375,503.7029113769531,186.118408203125,153.72491455078125
1019.7661819458008,559.7518005371094,128.2831268310547,276.88726806640625
1034.2074661254883,564.0762329101562,131.2533416748047,281.04736328125
1039.6549377441406,556.1161193847656,142.48590087890625,277.9814453125
1046.5803298950195,543.8657989501953,131.5784149169922,288.0517883300781
1239.5928268432617,476.2212905883789,127.39277648925781,185.2068328857422
1264.9527740478516,481.22510528564453,128.88638305664062,184.2892303466797
1293.1010971069336,486.5115051269531,99.31092834472656,182.64581298828125
1327.5756454467773,484.05687713623047,121.65138244628906,193.42079162597656
1363.6029052734375,480.6212692260742,111.6737060546875,199.27052307128906
1381.7956657409668,484.53746795654297,107.6633071899414,198.0047149658203
1388.6424713134766,495.0727844238281,110.72640991210938,190.91461181640625
1370.6457748413086,502.98728942871094,132.2799835205078,185.50827026367188
1343.7532653808594,501.6812057495117,142.0245361328125,190.2163848876953
1326.9183807373047,495.82430267333984,117.29049682617188,189.83412170410156
1293.0004653930664,492.4282684326172,143.03404235839844,196.90957641601562
1235.6250305175781,539.9276962280273,167.3907470703125,194.1166534423828
1178.7121353149414,494.2587356567383,166.87571716308594,197.6838836669922
1168.1051864624023,494.62351989746094,187.4595489501953,186.11941528320312
1121.3208465576172,495.1983947753906,170.00326538085938,180.06048583984375
1084.5019989013672,503.32486724853516,136.31497192382812,235.5543670654297
1083.7560577392578,499.8871536254883,122.95413208007812,196.6669158935547
1060.6436347961426,512.4050903320312,127.5381088256836,180.902587890625
1037.869773864746,526.7365493774414,132.0644073486328,168.5847625732422
1029.4543685913086,536.4093856811523,131.60768127441406,159.0513458251953
1001.3279037475586,546.3343811035156,134.0513458251953,172.17529296875
992.9185180664062,549.0503234863281,136.666015625,175.10833740234375
967.4882888793945,553.8118515014648,140.11692810058594,167.8196563720703
954.0566635131836,555.9598693847656,138.8161163330078,168.20733642578125
941.4917602539062,554.2503662109375,139.3837890625,169.3543701171875
925.352294921875,557.404670715332,146.767333984375,168.4167938232422
917.1067504882812,560.4787368774414,152.374755859375,175.3369598388672
898.6974945068359,599.7219390869141,168.69235229492188,137.25753784179688
890.1020202636719,597.9684524536133,182.18328857421875,133.8212127685547
886.2191467285156,584.2604522705078,165.38922119140625,152.92568969726562
872.9882965087891,563.1672821044922,176.47433471679688,177.15292358398438
867.8257522583008,551.2310333251953,161.6562957763672,186.45077514648438
864.0770797729492,552.9141311645508,166.8058624267578,198.4337615966797
858.1705093383789,559.7842483520508,175.34165954589844,181.71458435058594
853.7859268188477,551.8002090454102,175.58287048339844,216.27989196777344
846.9902648925781,548.9402389526367,174.54766845703125,199.48023986816406
861.490608215332,553.1534042358398,183.05088806152344,186.2050323486328
848.0557174682617,546.9060974121094,178.57106018066406,199.8262939453125
882.8943176269531,562.6200103759766,157.6590576171875,169.44314575195312
849.5896530151367,553.2929916381836,179.41444396972656,175.3014678955078
879.872184753418,549.4088134765625,150.35145568847656,176.785888671875
863.4660186767578,553.1833267211914,164.65420532226562,175.24998474121094
879.2513732910156,550.3560562133789,152.3563232421875,171.42686462402344
867.0017547607422,523.7231369018555,164.16781616210938,200.13441467285156
850.2955551147461,518.711296081543,185.31715393066406,211.9754180908203
948.2772636413574,461.27976989746094,109.4399185180664,270.8513488769531
963.2823524475098,450.26985931396484,102.75279998779297,248.6802520751953
947.1189727783203,477.4398422241211,131.20748901367188,222.50465393066406
930.3018951416016,495.0946960449219,141.84445190429688,207.92608642578125
873.5176315307617,515.4698181152344,188.92042541503906,210.76416015625
875.9416580200195,524.45068359375,184.9231414794922,211.541015625
888.3495559692383,529.6579895019531,172.4716033935547,223.71575927734375
880.2480926513672,538.8417129516602,179.09835815429688,216.56187438964844
887.2043991088867,520.2674331665039,174.8001251220703,250.75852966308594
888.1348571777344,526.0608673095703,175.17376708984375,281.6897277832031
883.7981414794922,524.8886947631836,196.15341186523438,253.15419006347656
904.0785140991211,530.3281555175781,172.7255401611328,270.35333251953125
884.3556747436523,496.7414093017578,195.77174377441406,270.3499450683594
892.7381744384766,523.5141906738281,177.35855102539062,311.07647705078125
891.8068389892578,533.7047729492188,173.85147094726562,299.85101318359375
904.688720703125,542.5502166748047,167.3082275390625,280.3986511230469
894.4570846557617,511.4855499267578,184.32313537597656,276.4890441894531
905.5956649780273,544.0416564941406,169.72962951660156,260.8529052734375
896.1908950805664,535.3037567138672,184.25962829589844,290.3081359863281
901.3958892822266,540.9175262451172,173.02523803710938,304.2062683105469
899.0494155883789,564.3271484375,177.57688903808594,281.004638671875
915.4203796386719,589.6479110717773,178.45611572265625,234.63233947753906
888.6679458618164,544.6606903076172,174.48350524902344,280.9112243652344
883.1377334594727,540.6558380126953,193.3573455810547,293.3475646972656
889.9826431274414,557.623779296875,172.94956970214844,284.166015625
892.9464874267578,533.4683837890625,174.04434204101562,312.0469970703125
883.3919296264648,541.2175445556641,183.4229278564453,286.7914123535156
883.4992523193359,541.3671112060547,186.13137817382812,288.4762268066406
884.8502044677734,551.72119140625,174.86306762695312,292.80987548828125
905.007209777832,538.193115234375,174.43577575683594,293.44268798828125
884.1445083618164,615.9865188598633,192.4083709716797,209.9983367919922
881.1830749511719,612.156364440918,197.13775634765625,203.1115264892578
882.569450378418,556.3167572021484,176.9566192626953,269.3316345214844
878.6211547851562,573.0951766967773,192.64837646484375,248.16773986816406
883.2168197631836,582.6751556396484,179.08094787597656,268.8642272949219
889.2547073364258,580.9735870361328,192.07151794433594,253.42343139648438
879.0742340087891,554.806640625,187.74179077148438,210.5172119140625
883.3005981445312,542.4080276489258,206.2506103515625,232.0461883544922
891.5529708862305,562.5111999511719,208.24598693847656,193.2630615234375
885.5127792358398,529.8335800170898,220.29652404785156,219.68104553222656
926.0210418701172,546.5458374023438,169.20358276367188,280.47735595703125
884.8673934936523,541.7905578613281,114.33705139160156,294.2379150390625
898.0525169372559,547.7987060546875,96.11023712158203,288.81402587890625
897.5581245422363,547.9001770019531,102.5996322631836,288.14599609375
1070.357894897461,445.47889709472656,144.89389038085938,198.45468139648438
1092.5255737304688,441.1406555175781,142.60748291015625,210.49578857421875
1112.5273742675781,438.2735824584961,134.404541015625,191.3449249267578
1127.2727508544922,428.35628509521484,136.70126342773438,184.4900665283203
1140.9231719970703,422.57691955566406,130.87387084960938,182.35598754882812
1146.5009384155273,416.8816833496094,131.1830596923828,159.37286376953125
1145.1774444580078,406.9842529296875,136.20828247070312,161.942626953125
1146.425437927246,402.2508316040039,137.34034729003906,156.21043395996094
1144.9510345458984,401.37953186035156,143.05752563476562,156.82455444335938
1140.428092956543,404.1484146118164,146.8230743408203,142.98460388183594
1132.8892364501953,407.67982482910156,157.19662475585938,125.87069702148438
1116.7003860473633,420.8640670776367,176.38047790527344,104.23860168457031
1074.2829971313477,437.0044250488281,216.4928741455078,90.70269775390625
1117.4032669067383,471.59900283813477,190.20619201660156,86.33123016357422
1131.4831466674805,492.1470413208008,159.2824249267578,105.85136413574219
1142.9243774414062,516.875114440918,151.15606689453125,135.08863830566406
1147.209602355957,535.4280853271484,145.36888122558594,165.45675659179688
1154.4946975708008,564.8385162353516,155.97325134277344,166.56924438476562
1166.2061462402344,565.2542572021484,140.59619140625,301.5003967285156
1168.7327499389648,607.3269805908203,130.09071350097656,259.6002502441406
1158.3682327270508,599.4388580322266,137.12351989746094,268.6847229003906
1149.7524719238281,592.7058563232422,166.301025390625,278.3345642089844
1141.0754623413086,621.0703887939453,142.1336212158203,257.1053161621094
1140.8099212646484,654.9906768798828,167.32009887695312,231.97842407226562
1182.1712265014648,557.6825103759766,148.59486389160156,256.7121887207031
1018.0974807739258,601.9800415039062,232.2527313232422,292.51593017578125
1017.5029678344727,595.6512451171875,234.96482849121094,282.77435302734375
1046.143798828125,413.3248748779297,209.75030517578125,367.0901184082031
1072.004524230957,411.928955078125,200.3802947998047,381.3084716796875
1113.2356262207031,496.0402069091797,203.665283203125,373.7477111816406
1166.352897644043,469.8098449707031,156.2696075439453,421.83270263671875
