826.0,479.0,215.0,273.0
825.0833206176758,463.9694519042969,197.51170349121094,304.4027099609375
824.3208236694336,472.79185485839844,175.9790802001953,305.9731140136719
783.621696472168,494.2300720214844,224.89051818847656,282.3846435546875
777.04248046875,489.2350769042969,212.74786376953125,278.43560791015625
771.3880844116211,486.65687561035156,216.20301818847656,298.2950744628906
796.0335922241211,476.4515380859375,165.21925354003906,318.4136962890625
779.0572662353516,494.0856170654297,221.21719360351562,282.9253845214844
789.4214859008789,482.3017578125,224.79234313964844,280.8919677734375
807.2295989990234,475.3298797607422,224.79672241210938,274.8780822753906
820.7422561645508,476.2808380126953,219.08775329589844,276.3350524902344
827.3002624511719,471.75489807128906,209.98388671875,277.8399963378906
841.9531936645508,478.1455078125,191.8149871826172,273.034912109375
842.2915954589844,471.67266845703125,193.86676025390625,280.5535888671875
847.6972503662109,477.1617889404297,188.27597045898438,284.7423400878906
838.3854751586914,507.6998596191406,203.71568298339844,276.95172119140625
829.7060852050781,579.0254364013672,213.401123046875,263.6413879394531
825.9324493408203,629.0533142089844,216.04464721679688,267.09259033203125
822.6194686889648,671.7461700439453,216.0823516845703,264.7630310058594
815.3554000854492,710.0038757324219,203.3993682861328,257.88458251953125
797.8294143676758,710.3766326904297,219.76341247558594,267.3133850097656
803.3787002563477,645.8111877441406,199.9391326904297,319.96197509765625
812.1753158569336,607.83837890625,175.1939239501953,303.97174072265625
781.684814453125,569.7977142333984,219.21038818359375,287.1778259277344
777.6939163208008,509.987548828125,220.98179626464844,273.62139892578125
814.0207748413086,472.4466857910156,165.0343780517578,288.28997802734375
787.8767166137695,466.15065002441406,226.5090789794922,272.8768615722656
797.9715270996094,457.65118408203125,208.6644287109375,270.94427490234375
800.265739440918,476.77392578125,223.83473205566406,278.6080322265625
835.9282379150391,480.822265625,179.60043334960938,284.5159912109375
868.3738327026367,532.5587692260742,182.8101348876953,250.9014434814453
876.395622253418,517.5350952148438,215.6106719970703,262.535888671875
919.6323165893555,530.1631011962891,213.0700225830078,275.3612365722656
977.8963241577148,559.1705017089844,194.03968811035156,232.3702392578125
1042.6834716796875,574.3644180297852,190.59771728515625,220.22129821777344
1091.2738037109375,591.8612365722656,191.83209228515625,224.5408935546875
1128.3926544189453,645.5599899291992,193.76156616210938,207.2187042236328
1143.3118362426758,639.1964797973633,192.1372528076172,227.39573669433594
1149.3296432495117,651.9323883056641,195.6199493408203,234.08920288085938
1134.0885620117188,676.5779876708984,195.3065185546875,226.49618530273438
1114.1802444458008,685.3377227783203,180.55393981933594,224.83450317382812
1110.9391479492188,671.3808517456055,158.4813232421875,228.81105041503906
1101.248420715332,620.216552734375,133.1869354248047,229.662109375
1078.2001495361328,601.9920043945312,169.02706909179688,204.6859130859375
1076.1215057373047,604.3230819702148,180.51882934570312,192.82337951660156
1112.9351272583008,586.9420318603516,169.56809997558594,212.13259887695312
1144.8245315551758,565.6523132324219,162.1916961669922,241.31982421875
1190.205711364746,583.9103775024414,136.3966827392578,227.92210388183594
1193.728500366211,579.1428298950195,172.18649291992188,220.80381774902344
1163.2201843261719,570.9723434448242,215.78582763671875,207.9026641845703
1163.1982040405273,552.544303894043,195.7345733642578,215.0008087158203
1162.8936462402344,531.2889175415039,167.20916748046875,230.99729919433594
1172.6984405517578,522.6551132202148,131.13021850585938,232.38453674316406
1145.5325393676758,537.2093276977539,147.47666931152344,210.9349822998047
1114.402084350586,525.5128784179688,157.40072631835938,212.4129638671875
1082.1668319702148,537.723503112793,162.42408752441406,187.4695587158203
1068.3220520019531,527.7569198608398,154.93475341796875,193.5125274658203
1057.266975402832,511.12012481689453,146.15025329589844,204.92039489746094
1059.22172164917,518.423713684082,127.80008697509766,196.0116424560547
1064.9715423583984,507.32434844970703,124.04855346679688,204.3188934326172
1068.655158996582,491.21644592285156,136.4363250732422,209.51046752929688
1068.5298156738281,500.3865051269531,158.85498046875,187.00274658203125
1093.3528518676758,500.64599609375,156.04612731933594,172.60150146484375
1104.4065704345703,487.32566833496094,162.69229125976562,186.92282104492188
1117.985824584961,476.1674041748047,154.30984497070312,199.09786987304688
1148.4637985229492,465.43141174316406,127.15907287597656,207.08517456054688
1147.7755126953125,456.2384262084961,136.11968994140625,202.6515655517578
1140.8983001708984,458.09915924072266,160.13510131835938,200.36643981933594
1135.1548538208008,474.07833099365234,165.0071258544922,182.04310607910156
1131.576271057129,481.84507751464844,160.43858337402344,173.97531127929688
1125.6472930908203,483.9293212890625,153.65695190429688,173.411865234375
1108.2635192871094,499.4829330444336,161.9512939453125,196.96632385253906
1096.359031677246,526.1407775878906,162.5949249267578,201.5845947265625
1084.3993911743164,610.1807861328125,164.1241912841797,180.3577880859375
1078.8293151855469,640.0983428955078,158.97222900390625,191.27761840820312
1072.3744277954102,668.5247650146484,155.11058044433594,204.40725708007812
1061.1693801879883,695.0151672363281,162.3094940185547,202.98406982421875
1060.2127838134766,686.2885055541992,158.97817993164062,204.3035430908203
1057.2869262695312,636.9649276733398,154.0234375,208.6753692626953
1059.3306350708008,581.0393753051758,152.7273406982422,201.43443298339844
1067.7936935424805,534.3420104980469,145.6062774658203,210.4970703125
1076.0212936401367,488.75330352783203,142.13233947753906,199.46934509277344
1064.5469665527344,445.63893127441406,158.47344970703125,197.90298461914062
1065.5074615478516,441.77161407470703,160.06381225585938,188.1644744873047
1055.935531616211,437.84789276123047,168.89505004882812,193.48756408691406
1050.6567687988281,473.7212677001953,174.9774169921875,198.88479614257812
1045.324836730957,533.342155456543,175.81626892089844,203.75782775878906
1042.5773468017578,592.3588714599609,170.55551147460938,196.70999145507812
1036.7936630249023,639.4871215820312,171.5673370361328,212.05010986328125
1032.5912246704102,679.5810546875,169.80137634277344,217.27484130859375
1030.8710250854492,727.4463577270508,157.88612365722656,211.4426727294922
1030.6301193237305,732.4267425537109,149.0512237548828,226.41427612304688
1045.5598411560059,730.1340637207031,117.44049835205078,237.89910888671875
1034.1421432495117,747.342170715332,141.5354766845703,212.2871551513672
1044.359733581543,750.2936859130859,213.8521270751953,201.81741333007812
1081.934585571289,710.7813415527344,180.80355834960938,311.4556884765625
1141.4689331054688,666.1278533935547,180.98974609375,349.3357849121094
1171.0162048339844,643.5730667114258,171.92156982421875,218.22520446777344
1218.1189422607422,591.3695831298828,170.24343872070312,201.49075317382812
1227.9798889160156,570.2925567626953,172.85382080078125,176.42990112304688
1223.3763961791992,521.8694763183594,170.5522003173828,196.11407470703125
1193.9318389892578,478.7504196166992,185.55429077148438,221.1182403564453
1145.552261352539,465.37384033203125,176.31893920898438,209.768798828125
1097.5241470336914,463.92435455322266,172.8868865966797,199.96775817871094
1035.127342224121,461.96048736572266,177.62123107910156,197.9695281982422
1006.3121032714844,456.9707489013672,170.831787109375,200.93936157226562
966.5804290771484,463.25391387939453,143.94326782226562,197.1161346435547
964.0290603637695,459.84752655029297,122.11143493652344,209.52674865722656
943.294116973877,468.9443054199219,127.84859466552734,203.0250244140625
922.5324783325195,480.23514556884766,135.90635681152344,197.0538787841797
916.850830078125,498.35643005371094,137.3233642578125,188.71200561523438
923.4476699829102,499.4902038574219,127.70848083496094,221.595703125
945.6881904602051,507.9418716430664,111.4946517944336,223.4719696044922
956.4169578552246,537.1624298095703,105.76404571533203,174.05502319335938
958.4843482971191,548.120849609375,83.53771209716797,174.56561279296875
962.8979721069336,605.5618057250977,73.41276550292969,117.94810485839844
944.8772010803223,563.749641418457,59.74755096435547,163.9380645751953
883.288200378418,478.17725372314453,86.70423889160156,211.2051544189453
782.7603950500488,403.3071823120117,97.88301849365234,218.9307403564453
774.2548675537109,406.0024948120117,112.22628784179688,238.9761505126953
738.7203750610352,410.76576232910156,155.5742645263672,251.35794067382812
428.4383087158203,612.1387901306152,337.56884765625,76.36444854736328
437.1803894042969,618.8364963531494,326.8204650878906,61.47947311401367
438.9048156738281,619.6655502319336,321.0915222167969,60.20478820800781
433.6664123535156,620.276985168457,326.7677307128906,60.03257751464844
435.6943664550781,618.4117584228516,323.4544982910156,62.177886962890625
425.1207275390625,611.0295372009277,335.4451599121094,74.31403350830078
746.6091766357422,419.8545150756836,128.990966796875,174.32029724121094
714.1325607299805,407.6976318359375,141.8448944091797,176.68484497070312
679.5921325683594,389.2349166870117,153.77230834960938,183.24180603027344
645.9699554443359,398.9906768798828,154.49462890625,174.34588623046875
619.0563659667969,395.4927444458008,165.41018676757812,182.02784729003906
601.0044784545898,400.93431091308594,161.5063934326172,194.59552001953125
598.7821731567383,416.4519729614258,140.20387268066406,194.76930236816406
582.6179809570312,439.0968551635742,136.35989379882812,199.5052947998047
569.8808975219727,439.99713134765625,155.03431701660156,215.34432983398438
550.7870559692383,453.9092102050781,199.1737823486328,214.93014526367188
552.9135208129883,461.33158111572266,180.47633361816406,199.9457550048828
551.2590713500977,467.57703399658203,176.7763214111328,185.0316925048828
547.1158676147461,467.3046875,193.64195251464844,190.16726684570312
547.5341720581055,475.65863037109375,185.4467010498047,180.14254760742188
551.1067352294922,477.05592346191406,180.4859619140625,177.3076171875
546.1364212036133,480.31944274902344,187.9787139892578,179.63623046875
549.7228393554688,488.85308837890625,184.76296997070312,168.00045776367188
547.9275741577148,490.18531799316406,180.5491180419922,169.4388427734375
547.4189071655273,491.4291458129883,192.38401794433594,169.9082794189453
541.6216430664062,490.6580810546875,190.11178588867188,170.34719848632812
546.5275573730469,490.2353515625,196.48178100585938,172.06796264648438
547.4246215820312,492.23368072509766,180.68014526367188,166.47035217285156
550.4105224609375,492.25460052490234,186.85946655273438,169.96372985839844
547.0420227050781,485.5023956298828,189.59078979492188,178.189208984375
548.24951171875,491.8082504272461,181.77481079101562,167.08543395996094
553.2228927612305,493.05274963378906,187.51097106933594,169.0262451171875
545.6523056030273,490.28482818603516,185.46922302246094,175.50477600097656
548.8097839355469,482.95792388916016,189.19046020507812,180.0634307861328
546.5903015136719,494.61773681640625,185.10556030273438,163.89126586914062
542.134147644043,506.2654037475586,206.9587860107422,158.52207946777344
544.52685546875,474.16736602783203,208.46920776367188,194.55152893066406
549.5734024047852,462.88680267333984,199.64247131347656,206.90965270996094
545.0344467163086,466.8826446533203,200.9375457763672,199.255615234375
546.3165664672852,474.4681930541992,184.7355499267578,190.1122283935547
547.7327194213867,483.86551666259766,191.94541931152344,181.86610412597656
448.9819641113281,515.1394348144531,275.6230773925781,153.18234252929688
433.3448791503906,530.0682983398438,309.6750793457031,153.25851440429688
429.81817626953125,522.2458648681641,325.2901916503906,154.6298828125
525.9286880493164,508.1813049316406,235.01441955566406,162.60427856445312
470.77015686035156,507.29402923583984,295.34649658203125,175.04124450683594
569.435920715332,476.3998031616211,198.19520568847656,194.9462127685547
583.4197387695312,467.35606384277344,187.90054321289062,197.4033203125
620.8374404907227,461.73343658447266,175.03407287597656,193.9832305908203
666.2832336425781,457.17352294921875,166.79989624023438,198.21871948242188
687.9714660644531,450.9753646850586,169.93057250976562,200.62876892089844
741.0316619873047,461.99114990234375,158.8031005859375,215.58572387695312
793.2246856689453,474.33882904052734,154.740478515625,221.1680145263672
826.4837036132812,508.5417175292969,157.46456909179688,209.64053344726562
852.7535781860352,553.1513824462891,159.03663635253906,185.6761474609375
883.0973510742188,596.5557327270508,158.76626586914062,181.7049102783203
891.0458679199219,636.6740570068359,165.14126586914062,208.35980224609375
886.8444137573242,691.1550903320312,167.8745574951172,213.31948852539062
879.9039077758789,727.7540588378906,164.2962188720703,236.45700073242188
863.757209777832,748.5515594482422,167.33790588378906,237.15679931640625
851.6259536743164,760.1370010375977,165.7372589111328,226.6919708251953
830.7160415649414,774.0043029785156,168.11622619628906,211.65969848632812
825.1606063842773,789.0045852661133,160.23265075683594,194.92530822753906
818.5890579223633,774.8938446044922,157.4345245361328,201.86962890625
809.9027099609375,779.593017578125,161.56802368164062,198.72451782226562
810.4899597167969,772.2314300537109,158.10720825195312,212.9451904296875
811.1969604492188,775.8972549438477,166.50296020507812,211.5457305908203
829.2831954956055,757.2572784423828,176.48667907714844,222.6055908203125
836.8594207763672,723.0584945678711,174.87237548828125,231.3881072998047
852.4370269775391,687.3167266845703,176.399169921875,227.52911376953125
868.4713745117188,618.9808044433594,176.58724975585938,238.25735473632812
888.0429458618164,540.7827682495117,187.9413604736328,231.76280212402344
890.9905624389648,545.0000839233398,193.7338104248047,213.75022888183594
901.0567779541016,497.5116729736328,190.4056396484375,209.67327880859375
900.2024078369141,490.1403045654297,174.07208251953125,212.15447998046875
884.5254287719727,487.2336196899414,181.6597442626953,207.8200225830078
871.166259765625,490.7118225097656,177.60031127929688,218.74880981445312
843.5908203125,491.1680603027344,165.42367553710938,217.42764282226562
829.8090362548828,493.63452911376953,130.46966552734375,229.4810333251953
779.9037094116211,494.0011215209961,171.2183074951172,214.62132263183594
777.7773666381836,497.33445739746094,167.27342224121094,213.50885009765625
786.8142776489258,491.21228790283203,170.4178009033203,231.14735412597656
807.9853439331055,497.71897888183594,151.5981903076172,232.27972412109375
826.3899078369141,498.0810089111328,132.32623291015625,237.4755859375
840.5049018859863,502.0311584472656,124.94249725341797,241.51553344726562
851.9850730895996,512.9911575317383,126.53690338134766,223.9696807861328
863.7031860351562,510.6230697631836,124.55728149414062,219.5124969482422
863.5541763305664,503.34764099121094,131.63746643066406,221.10089111328125
854.3541564941406,525.228157043457,149.29257202148438,200.8744659423828
832.765007019043,511.46661376953125,178.2917938232422,209.86691284179688
827.8451919555664,509.8304214477539,172.07533264160156,223.7589874267578
812.6538696289062,508.9924545288086,180.23068237304688,225.42601013183594
811.7114486694336,506.7084045410156,168.7263641357422,230.22903442382812
828.9495010375977,501.81787872314453,140.19496154785156,242.10755920410156
847.6475524902344,496.66419982910156,129.87277221679688,256.9783935546875
862.3074417114258,514.2016143798828,155.0352325439453,242.10797119140625
889.3623123168945,541.0301971435547,166.27491760253906,229.9129638671875
942.9602432250977,555.2019424438477,173.33363342285156,224.1564483642578
984.9968795776367,559.9210891723633,172.89781188964844,215.16456604003906
1043.6213760375977,564.9877319335938,177.3256378173828,217.58432006835938
1079.433090209961,562.4617004394531,178.4345703125,224.68942260742188
1095.3657836914062,560.29638671875,183.80056762695312,222.25283813476562
1117.0678939819336,559.8100967407227,163.1759490966797,218.07118225097656
1106.9625625610352,565.3708267211914,163.23280334472656,214.92066955566406
1095.3813171386719,575.8894271850586,159.40951538085938,210.6179656982422
1092.6102828979492,581.1998672485352,134.37217712402344,213.1798858642578
1105.1052474975586,593.9375152587891,115.51292419433594,205.63409423828125
1109.6833038330078,609.664665222168,108.64703369140625,217.5388641357422
1103.6315650939941,641.8289184570312,127.9532699584961,231.11624145507812
1092.1711654663086,678.9311218261719,142.7037811279297,213.46603393554688
1064.6882858276367,675.9841918945312,149.11448669433594,198.65682983398438
1027.6098175048828,661.7170944213867,153.8873291015625,187.0629119873047
1000.189582824707,626.8764724731445,150.68287658691406,203.04078674316406
980.5517807006836,616.0650787353516,136.45970153808594,196.54254150390625
976.7097549438477,584.4855499267578,127.75703430175781,218.47998046875
988.3342475891113,572.3407211303711,126.46233367919922,222.77085876464844
995.8248291015625,579.7062149047852,150.06661987304688,225.24317932128906
1006.7930297851562,580.4712524414062,170.77658081054688,226.78347778320312
1021.4098510742188,575.927375793457,164.56808471679688,225.1846466064453
1000.4397125244141,571.0736389160156,179.08636474609375,232.22494506835938
991.2226791381836,573.7684936523438,174.69273376464844,243.61056518554688
979.6327438354492,575.0993499755859,162.89585876464844,262.03643798828125
975.8790054321289,586.5360565185547,145.3800811767578,250.70953369140625
967.3118057250977,586.571403503418,134.7971954345703,239.82701110839844
963.1817932128906,565.4475631713867,133.42636108398438,250.2825164794922
962.0265655517578,565.6502304077148,144.9757080078125,233.4325408935547
965.715690612793,555.0499114990234,164.5303192138672,225.26019287109375
982.0024108886719,513.2328338623047,181.72689819335938,240.4420166015625
1013.5958786010742,517.9888763427734,169.30772399902344,208.82940673828125
1048.8369674682617,508.18346405029297,179.0061492919922,195.3282928466797
1057.023292541504,491.78778076171875,175.1378936767578,208.23007202148438
1074.9807434082031,494.45155334472656,181.64816284179688,197.9864501953125
1110.8860092163086,481.098388671875,161.9277801513672,195.02816772460938
1109.8994903564453,480.8842239379883,154.8643798828125,193.40406799316406
1097.2512969970703,480.32857513427734,159.919189453125,211.88841247558594
1095.773551940918,488.51367950439453,129.52757263183594,225.10939025878906
1086.7586250305176,500.8377380371094,120.50243377685547,224.58651733398438
1052.8959579467773,503.85350036621094,138.5638885498047,206.20611572265625
1018.6241760253906,503.1218490600586,148.47396850585938,191.80992126464844
986.3384704589844,493.0922393798828,148.89505004882812,186.47412109375
975.2841262817383,493.59066009521484,141.2805938720703,179.9281463623047
977.4493103027344,457.83929443359375,138.94924926757812,200.30978393554688
1001.4738998413086,433.3130187988281,131.68467712402344,205.63314819335938
1031.3789749145508,411.2098388671875,127.38960266113281,197.88980102539062
1056.4300346374512,376.82728576660156,122.85388946533203,209.41156005859375
1061.6319427490234,382.0418472290039,137.63427734375,183.9379425048828
1064.047996520996,362.96056365966797,163.13536071777344,189.48338317871094
1063.7764053344727,373.53936767578125,168.0841827392578,188.87728881835938
1067.035057067871,389.1891403198242,168.7694549560547,182.19798278808594
1074.3917999267578,406.65442657470703,157.01641845703125,183.5585479736328
1076.8527374267578,421.1244354248047,153.71441650390625,182.3638916015625
1072.0390319824219,419.0654525756836,157.36593627929688,192.83433532714844
1073.231948852539,418.5643005371094,148.75177001953125,200.77688598632812
1078.7771034240723,481.0159378051758,126.4934310913086,147.0338897705078
1080.8256645202637,441.9539794921875,103.48395538330078,190.09320068359375
1083.7795867919922,497.462158203125,80.3544921875,135.50128173828125
1075.7131004333496,523.916675567627,71.8169937133789,116.46248626708984
1072.7764778137207,531.0280113220215,69.4887924194336,112.27283477783203
1057.6566009521484,521.3969535827637,85.20492553710938,123.4190444946289
1040.0140800476074,521.9746131896973,99.89542388916016,120.7577133178711
1014.1206359863281,493.9265899658203,117.71078491210938,144.862060546875
997.9831619262695,449.4847717285156,123.03187561035156,179.41995239257812
990.58740234375,434.76026153564453,120.36795043945312,193.8997344970703
969.9374237060547,435.3053970336914,138.57403564453125,201.6912384033203
965.1286315917969,450.5750274658203,157.35293579101562,196.70556640625
977.1429901123047,459.29102325439453,158.74468994140625,198.6713409423828
993.378662109375,473.6932067871094,160.46945190429688,185.03732299804688
1007.8176345825195,478.0236511230469,155.65296936035156,198.70999145507812
1000.2069931030273,492.74427795410156,160.44126892089844,207.9354248046875
985.0532913208008,490.5854949951172,162.1969757080078,227.22198486328125
966.128173828125,500.23023223876953,161.49349975585938,211.2000274658203
950.5525588989258,501.89727783203125,160.5985870361328,211.73171997070312
934.8780059814453,508.13875579833984,163.27935791015625,198.02732849121094
936.4024658203125,508.15772247314453,157.32601928710938,192.04054260253906
943.0056533813477,500.8042907714844,161.05152893066406,192.50534057617188
951.7185440063477,487.11289978027344,163.25892639160156,201.3980712890625
959.3553085327148,479.55103302001953,164.49302673339844,203.47340393066406
954.4207153320312,477.45391845703125,165.97891235351562,200.48971557617188
950.0046844482422,471.7518997192383,166.091796875,224.2395782470703
946.7361907958984,501.8452377319336,143.291015625,206.48826599121094
937.9398765563965,506.5356140136719,120.34464263916016,205.44808959960938
892.9249496459961,503.20345306396484,164.8903045654297,208.20713806152344
881.7361145019531,505.3883819580078,164.67349243164062,201.56500244140625
865.7471160888672,495.28125762939453,165.60089111328125,207.76515197753906
878.6655578613281,485.1581268310547,142.50222778320312,214.58343505859375
880.9319229125977,488.55775451660156,127.61006164550781,223.343505859375
863.7994613647461,490.83738708496094,163.2528533935547,203.902099609375
872.5624084472656,474.2019805908203,149.35128784179688,212.06402587890625
866.7204742431641,469.5735778808594,150.32958984375,201.34933471679688
852.2469482421875,465.65035247802734,156.75680541992188,194.42564392089844
843.4108505249023,471.8961868286133,155.5348358154297,183.5547637939453
830.0672302246094,472.21036529541016,151.72274780273438,189.0161895751953
819.8262405395508,470.25794219970703,151.15748596191406,207.1317901611328
800.8674240112305,492.9590759277344,159.26670837402344,207.27108764648438
780.6653060913086,485.66253662109375,172.0162811279297,218.18099975585938
774.6053924560547,507.24864959716797,147.11712646484375,200.0958709716797
770.9192733764648,508.0406494140625,147.5310516357422,196.92868041992188
771.6469497680664,533.3164291381836,142.96290588378906,192.92417907714844
791.8990020751953,560.7372817993164,135.465087890625,181.8389434814453
808.9592742919922,571.3010940551758,127.49884033203125,187.7451934814453
851.2043991088867,603.4860000610352,114.05033874511719,186.50514221191406
870.1938209533691,611.9585342407227,124.0708236694336,190.12757873535156
909.4692840576172,618.3838424682617,105.670654296875,212.85215759277344
945.6924324035645,687.8439788818359,79.98021697998047,197.98785400390625
981.0178871154785,746.7338027954102,52.965843200683594,139.5522003173828
860.627513885498,655.785774230957,72.91156005859375,92.81831359863281
887.5129432678223,567.2737808227539,65.62422180175781,169.1134490966797
880.7930183410645,444.75462341308594,226.12168884277344,300.4781799316406
780.1820182800293,455.51226806640625,294.1015625,339.519775390625
1021.6110801696777,539.5680694580078,265.9780578613281,388.8268737792969
1018.0223350524902,451.48207092285156,258.9830627441406,487.3063659667969
1020.5602607727051,461.0021667480469,215.64036560058594,618.9978332519531
748.2721977233887,375.97979736328125,166.9102783203125,423.6722106933594
830.7819862365723,444.4795227050781,179.0694122314453,310.5281066894531
912.5183982849121,637.330940246582,212.67776489257812,200.8201446533203
876.3892402648926,613.1629104614258,138.48985290527344,171.4716339111328
851.4201545715332,579.1063690185547,145.3827362060547,172.0198974609375
826.1996421813965,512.785285949707,160.38015747070312,208.05897521972656
834.089599609375,502.36067962646484,119.3185043334961,190.8943328857422
824.4337882995605,458.0454635620117,137.41534423828125,197.6289520263672
815.5301094055176,454.37320709228516,149.99900817871094,183.91114807128906
819.3249473571777,442.27793884277344,151.44638061523438,185.69952392578125
831.0968437194824,440.29821014404297,154.69744873046875,186.66380310058594
855.1962089538574,441.7323913574219,163.565673828125,188.94534301757812
866.3204307556152,426.6288146972656,150.83920288085938,212.83609008789062
877.7574501037598,437.5242462158203,130.4604034423828,208.77978515625
880.3719367980957,428.98533630371094,125.78050231933594,211.14068603515625
865.2515907287598,426.6015930175781,136.3216094970703,203.40798950195312
849.2558784484863,444.10233306884766,144.00242614746094,181.8588409423828
835.0202445983887,450.9590759277344,142.37860107421875,181.78665161132812
830.165843963623,473.8830032348633,135.7830810546875,185.4217071533203
839.1277694702148,501.0084533691406,115.39383697509766,186.68899536132812
853.283561706543,514.7469863891602,107.2251968383789,197.5335235595703
863.1489181518555,562.6535568237305,127.8852310180664,187.01365661621094
887.1305046081543,626.4488525390625,125.3460693359375,161.46951293945312
928.7340126037598,658.5563888549805,90.57484436035156,160.45603942871094
963.6960258483887,723.8445854187012,61.2369384765625,109.34711456298828
846.2305908203125,652.5451354980469,115.53128814697266,102.37120056152344
949.8649749755859,518.9886016845703,68.81781768798828,196.61488342285156
816.2416877746582,502.11470794677734,206.03228759765625,262.6502685546875
1145.0843620300293,719.9709930419922,167.44898986816406,188.1181182861328
1200.0512809753418,715.1243667602539,155.71705627441406,187.77334594726562
1232.156406402588,702.3794326782227,169.82101440429688,195.58724975585938
1245.9085426330566,707.7088088989258,168.41012573242188,194.30496215820312
1259.4232139587402,725.2551956176758,152.05674743652344,186.84127807617188
1247.037883758545,711.1419677734375,159.2486114501953,201.36851501464844
1224.4467582702637,726.7948684692383,159.3941192626953,203.60507202148438
1199.6553077697754,729.4371871948242,157.31735229492188,203.26690673828125
1184.1638450622559,726.7882537841797,158.3176727294922,197.22010803222656
1135.1165504455566,703.582275390625,167.61196899414062,193.10240173339844
1129.0024909973145,709.5176239013672,144.985595703125,172.7094268798828
1131.0781288146973,694.5052337646484,101.50625610351562,169.7361602783203
1104.4869079589844,704.9343032836914,70.04572296142578,274.9584655761719
879.8774604797363,562.9109878540039,348.0187683105469,320.99298095703125
903.5278053283691,499.3482437133789,252.44927978515625,258.96575927734375
919.9657707214355,458.1876449584961,184.06101989746094,260.5953674316406
903.7829246520996,498.14212799072266,136.01002502441406,193.0875244140625
893.6161079406738,481.1092224121094,121.05154418945312,186.1698760986328
886.6185607910156,464.1451873779297,113.86115264892578,192.32334899902344
859.6230812072754,456.5096893310547,140.9249267578125,185.95799255371094
852.9851722717285,455.6000518798828,154.12847900390625,181.8072967529297
852.5032844543457,445.6852264404297,156.84841918945312,182.97325134277344
851.589542388916,433.28755950927734,157.87188720703125,195.29220581054688
853.3821678161621,428.7159118652344,152.11219787597656,192.1631622314453
854.8427772521973,414.43585205078125,136.36962890625,203.51136779785156
852.8526229858398,423.10697174072266,120.92977142333984,211.95672607421875
838.7596244812012,422.79840087890625,132.7294158935547,215.2368927001953
815.6508369445801,436.5988464355469,168.24819946289062,195.4263458251953
814.2949028015137,435.35179138183594,166.1213836669922,198.1898651123047
796.3246421813965,437.1395950317383,164.1743927001953,198.751953125
795.5410194396973,438.94007873535156,157.15777587890625,216.27525329589844
802.273983001709,441.3097839355469,128.47889709472656,215.4857940673828
783.4560127258301,445.0034942626953,167.76846313476562,204.57603454589844
800.6448860168457,443.3169174194336,152.55361938476562,205.29306030273438
808.9396476745605,441.7638626098633,159.3647918701172,199.69873046875
816.5363807678223,435.3363800048828,156.5859375,201.39219665527344
833.3560523986816,429.9344482421875,140.59527587890625,207.4466094970703
840.437686920166,430.54734802246094,131.02239990234375,192.14134216308594
846.5484771728516,428.57508087158203,122.16715240478516,189.4658203125
848.153003692627,427.03673553466797,122.10379028320312,190.03768920898438
846.5199584960938,429.0530242919922,124.90619659423828,189.6295623779297
841.1374549865723,439.1103744506836,141.49725341796875,174.48837280273438
839.9240455627441,430.60132598876953,128.813720703125,181.4603271484375
837.3717918395996,437.4155731201172,113.94227600097656,178.43394470214844
840.4775466918945,438.07064056396484,99.48754119873047,185.10635375976562
838.1802673339844,434.7436065673828,102.87689971923828,186.77696228027344
842.2086868286133,456.71856689453125,85.58464813232422,175.23731994628906
855.2019500732422,439.8803482055664,96.17789459228516,195.33270263671875
852.9764709472656,444.14359283447266,92.66645050048828,185.1591796875
848.8689765930176,460.6657028198242,82.12167358398438,149.99832153320312
836.7994194030762,447.5167007446289,83.29615783691406,163.400390625
829.1424102783203,450.18355560302734,91.38898468017578,162.60061645507812
821.1557769775391,443.0697555541992,107.2541275024414,174.92776489257812
813.205150604248,447.4201354980469,116.28636169433594,176.6345977783203
811.2003173828125,448.46783447265625,120.31653594970703,190.7890167236328
808.095458984375,456.6094436645508,119.38135528564453,225.4334716796875
807.8126945495605,462.8923797607422,138.95384216308594,191.11985778808594
810.976734161377,463.40486907958984,122.08175659179688,204.31411743164062
807.3209991455078,460.88490295410156,114.11466217041016,212.8590545654297
788.7014579772949,480.35408782958984,145.01976013183594,198.52493286132812
786.4781532287598,474.7248229980469,142.70196533203125,207.31605529785156
781.3564414978027,485.65392303466797,137.3424835205078,188.56265258789062
764.3025703430176,476.28421783447266,132.05294799804688,194.2550048828125
755.6277046203613,471.3012008666992,136.71115112304688,186.60726928710938
730.5921058654785,451.9859619140625,142.439208984375,187.0489044189453
702.8390312194824,433.71141815185547,160.1355438232422,183.30343627929688
686.6054801940918,413.7165756225586,165.8398895263672,189.67715454101562
666.6674766540527,393.34613037109375,154.8671417236328,196.46754455566406
648.1997032165527,392.8623504638672,160.6122589111328,189.48863220214844
628.4416389465332,393.93482971191406,168.81979370117188,183.5299530029297
628.1577491760254,396.05074310302734,171.74981689453125,192.67080688476562
644.1914482116699,395.5252227783203,157.8345184326172,206.53697204589844
685.3036422729492,403.0091781616211,119.51607513427734,217.93777465820312
701.9825553894043,415.65576171875,159.8041229248047,202.6958770751953
732.9560356140137,430.8671875,168.4375457763672,202.98292541503906
779.337215423584,425.3514862060547,163.45936584472656,227.9056854248047
802.1711235046387,478.6183319091797,150.46824645996094,188.15196228027344
822.2750587463379,465.75244903564453,145.9808349609375,212.5198974609375
822.9019889831543,480.06095123291016,166.4879608154297,215.6131591796875
833.629337310791,531.4240036010742,153.623779296875,207.53244018554688
833.1779289245605,545.0133285522461,166.5239715576172,202.01931762695312
851.2761726379395,551.6314544677734,143.89480590820312,202.1495819091797
869.7718696594238,564.6255493164062,120.04379272460938,191.2974395751953
887.2514457702637,577.5947341918945,118.22422790527344,179.8238525390625
888.9986877441406,589.3551483154297,125.02851104736328,175.88768005371094
892.7874374389648,595.1304931640625,125.8143539428711,174.29298400878906
896.7991371154785,597.9124984741211,121.91363525390625,176.86575317382812
898.1999702453613,579.951545715332,116.16104125976562,193.44488525390625
889.4384307861328,592.6179122924805,122.12784576416016,179.56832885742188
869.3813285827637,578.803337097168,154.5904998779297,180.76181030273438
858.875789642334,578.0696792602539,166.3655548095703,170.406005859375
851.1721229553223,536.1297836303711,172.87322998046875,193.29153442382812
849.9961814880371,526.9999160766602,156.13270568847656,190.9698486328125
840.0731086730957,529.5882186889648,163.81436157226562,182.03994750976562
842.9287223815918,521.8475799560547,146.1467742919922,188.65232849121094
837.628833770752,511.69288635253906,135.86398315429688,212.7661590576172
820.8366889953613,522.3349609375,164.16690063476562,205.6012725830078
818.813793182373,522.2711181640625,160.61790466308594,200.47413635253906
816.8980140686035,528.4740142822266,158.8125,204.67124938964844
833.5497016906738,532.9986801147461,122.38253784179688,213.37435913085938
812.6853675842285,533.0050964355469,164.4652099609375,204.9317169189453
820.0042686462402,534.7970275878906,155.3692169189453,204.65248107910156
814.7915458679199,526.8407669067383,163.7084197998047,199.65936279296875
817.3952522277832,530.7806015014648,154.17861938476562,192.77017211914062
826.092700958252,527.3425750732422,135.34017944335938,193.2624969482422
834.6658134460449,526.4377593994141,119.68467712402344,198.71165466308594
837.8845100402832,522.3374176025391,113.95809936523438,203.14695739746094
840.7192153930664,525.3769836425781,112.15563201904297,202.15834045410156
841.5306625366211,521.3582153320312,115.49605560302734,205.75379943847656
840.8184700012207,539.0993804931641,125.58316040039062,187.74864196777344
834.4594764709473,516.2223815917969,148.7125244140625,202.95301818847656
837.8483085632324,519.2085571289062,164.04356384277344,196.7797393798828
849.3219337463379,515.3608474731445,167.200439453125,197.388671875
869.0185890197754,511.0339126586914,170.175537109375,197.00689697265625
888.6613502502441,500.7471237182617,165.69378662109375,207.86630249023438
940.8348999023438,504.5892791748047,124.37818145751953,204.98387145996094
932.5347785949707,513.771369934082,163.31466674804688,190.11407470703125
936.5041999816895,501.7725143432617,154.72909545898438,205.52005004882812
921.7969779968262,503.3089828491211,164.8008270263672,208.53445434570312
893.5538368225098,490.2596664428711,158.12774658203125,220.24423217773438
884.6408195495605,490.642333984375,130.5696258544922,216.21974182128906
855.2162895202637,496.50438690185547,126.30381774902344,210.53182983398438
832.3074836730957,494.98851776123047,137.59432983398438,210.26284790039062
808.9857749938965,495.7131042480469,125.45405578613281,200.64356994628906
784.8139610290527,505.03429412841797,135.1645050048828,188.50021362304688
773.7104301452637,506.27147674560547,115.92491149902344,185.20999145507812
760.6198234558105,521.7109909057617,129.19273376464844,172.27041625976562
752.9239234924316,527.4951171875,137.82623291015625,171.0474395751953
756.1671333312988,534.5293655395508,145.90982055664062,169.78509521484375
773.4394798278809,525.7986831665039,154.95594787597656,176.57183837890625
785.2247276306152,526.5711441040039,141.47743225097656,177.93548583984375
804.409610748291,525.7369537353516,142.06610107421875,188.41685485839844
815.0231742858887,502.1427307128906,121.37120056152344,226.71388244628906
794.9967002868652,508.30179595947266,162.7329864501953,199.8658447265625
802.1590385437012,505.78182220458984,159.80186462402344,200.55984497070312
803.8577613830566,499.7311248779297,156.18115234375,202.6512908935547
809.8227195739746,497.6645812988281,157.27479553222656,205.85292053222656
814.9954795837402,494.72481536865234,157.4578399658203,206.44204711914062
814.162769317627,493.44698333740234,157.54116821289062,203.20425415039062
