321.0,478.0,527.0,219.0
288.9906311035156,471.3454895019531,558.6525268554688,227.19097900390625
294.2889099121094,465.0894470214844,599.0036010742188,240.09027099609375
313.49749755859364,462.73463439941395,625.8277587890625,247.46090698242188
308.19015502929676,459.79107666015614,662.3405151367188,258.8341064453125
276.5839843749999,451.2109374999999,713.1944580078125,275.272216796875
254.89877319335938,447.5079650878906,750.5122680664062,287.93536376953125
227.00662231445312,440.89459228515625,827.7056274414062,306.2095947265625
221.96875,435.76112365722656,844.8543701171875,313.5975036621094
210.0770263671875,431.47865295410156,903.7242431640625,330.3697204589844
199.7386474609375,423.2901611328125,939.9813232421875,343.2713623046875
181.88934326171875,416.6650848388672,981.341064453125,355.8930969238281
162.19747924804688,412.09283447265625,1013.4913940429688,366.18212890625
142.7763671875,406.7388153076172,1050.7186279296875,374.2253723144531
150.25994873046875,411.8251495361328,1078.206298828125,371.6567077636719
175.24029541015625,411.51031494140625,1110.654541015625,374.061279296875
211.47235107421875,410.23609924316406,1117.119140625,377.3951110839844
244.07275390625,410.53375244140625,1111.9798583984375,378.03271484375
250.57989501953125,408.1206970214844,1096.39111328125,378.97015380859375
219.1905517578125,407.97007751464844,1104.3353271484375,373.5785217285156
201.180419921875,408.61781311035156,1098.6968994140625,367.8968200683594
204.610107421875,417.59271240234375,1064.6800537109375,356.265380859375
232.64697265625,419.4187469482422,1034.6922607421875,354.0451965332031
275.6445007324219,424.2401580810547,993.5502319335938,346.2886047363281
299.43359375,428.4573211669922,973.0982666015625,337.5220031738281
361.56591796875,432.47068786621094,928.6983642578125,329.9386291503906
394.61309814453125,432.0194396972656,908.704345703125,329.66265869140625
449.6114807128906,441.5414276123047,858.5110473632812,315.7500305175781
479.07958984375,450.625,843.7467041015625,303.9512939453125
506.52340698242176,455.7763214111327,804.7853393554689,295.2718200683594
551.20849609375,462.79469299316395,775.4854736328125,285.8445739746094
600.1350402832031,468.6239318847655,735.6819458007812,273.91229248046875
630.0729675292969,471.96766662597645,712.2539672851562,268.0518493652344
655.9552917480469,476.50738525390614,685.5433959960938,261.3585205078125
692.3265686035156,479.4074935913085,655.9008178710938,252.6449737548828
721.7174072265625,483.8224716186521,630.248291015625,244.7240753173828
733.7911071777344,487.90461730956997,607.2337036132812,233.74057006835938
743.4762268066406,489.3620452880856,585.1182250976562,228.46560668945312
760.2177734375,492.63227844238247,560.052490234375,219.95162963867188
790.8460998535156,495.52619171142544,534.8566284179688,212.47825622558594
807.745849609375,498.98252105712857,517.9073486328125,208.4520721435547
810.5438842773438,500.4132690429684,503.040283203125,202.974853515625
815.7543487548828,503.6068649291989,481.8366394042969,198.26649475097656
823.338623046875,503.28512573242153,466.0093994140625,196.96453857421875
822.9914855957031,505.3149337768551,440.66668701171875,188.84608459472656
827.9667663574219,508.51035308837857,433.23785400390625,185.1804656982422
846.8171234130859,511.1705398559567,410.1565246582031,179.02110290527344
861.2861938476562,512.1041946411129,398.08544921875,176.58213806152344
888.7417297363281,515.2415618896481,380.49981689453125,168.71231079101562
891.4709167480469,516.1218338012692,374.79913330078125,165.87278747558594
894.6782989501953,516.6546401977535,356.7095031738281,163.76585388183594
894.0416259765625,517.9144897460933,344.92864990234375,159.35235595703125
896.7468872070312,519.2710113525386,332.1632080078125,154.20413208007812
901.0684661865234,520.4962234497066,319.7632141113281,151.8679656982422
903.3367309570312,521.4523315429683,307.09356689453125,149.3974609375
899.5798034667969,521.9595870971675,293.50103759765625,145.1693878173828
916.1716918945312,522.337867736816,280.83270263671875,142.22825622558594
927.4854431152344,525.0185394287105,274.33050537109375,139.28225708007812
938.2440795898438,526.1770477294917,262.448974609375,135.31533813476562
949.3991546630859,527.9245986938472,250.77322387695312,133.07115173339844
966.0544281005859,527.8554763793941,236.66622924804688,132.4470672607422
974.4639205932617,528.6133041381831,227.2909698486328,130.24330139160156
981.7394180297852,529.9779663085933,219.3088836669922,129.0172119140625
993.2671279907227,531.0323104858394,207.01487731933594,126.01301574707031
1002.6820678710938,531.5890388488765,195.91339111328125,123.0345687866211
1008.1016693115234,532.9087524414058,186.78836059570312,121.0552978515625
1013.6066970825195,532.8790550231929,180.69834899902344,119.95862579345703
1017.6770477294922,534.6815223693843,170.10971069335938,116.15398406982422
1022.4038696289062,536.4939308166499,161.302001953125,112.44243621826172
1023.2763442993164,535.6627998352046,157.5341033935547,111.7776107788086
1025.8509216308594,537.2481765747066,153.388671875,108.33897399902344
1026.7969207763672,537.2547225952144,151.47024536132812,106.91059875488281
1023.93212890625,537.0080261230464,153.14593505859375,106.1522216796875
1021.6236190795898,537.6415519714351,153.9750213623047,104.91849517822266
1013.5956726074219,537.908554077148,158.85418701171875,103.7498779296875
1006.9096069335938,538.1538772583003,161.10000610351562,102.99665832519531
1000.1337661743164,538.5024871826167,163.22779846191406,101.652099609375
995.0245208740234,539.5230140686031,164.66015625,100.2942123413086
985.8226547241211,540.5504074096675,168.7380828857422,98.07609558105469
977.3389205932617,540.4711990356441,170.5486297607422,98.01850891113281
968.617919921875,540.9726905822749,171.970703125,96.5709457397461
959.8952255249023,541.3105659484859,173.68821716308594,94.71550750732422
951.1972732543945,540.8626518249507,176.5076446533203,94.10962677001953
941.2141265869141,541.7547225952144,178.51336669921875,92.70396423339844
932.1101608276367,542.6789512634273,179.23179626464844,89.9125747680664
919.9782028198242,542.5260162353511,181.87965393066406,88.90545654296875
912.9954833984375,543.650310516357,181.07366943359375,87.14948272705078
898.9102478027344,542.8079414367671,185.07986450195312,86.57695770263672
885.0287551879883,542.7836990356441,187.9263458251953,85.60588073730469
875.0582580566406,542.9382553100581,188.04782104492188,83.83699035644531
865.2250289916992,542.8587989807124,188.48365783691406,84.39025115966797
853.612663269043,542.4033851623531,188.8113250732422,83.1103744506836
844.8594589233398,543.1354141235347,187.35914611816406,81.83949279785156
827.7349548339844,543.0722541809077,189.691650390625,81.0732650756836
820.0489807128906,543.4519996643062,188.854248046875,79.85823822021484
806.7009735107422,542.9391212463374,190.34930419921875,80.39183807373047
795.1968612670898,542.5198364257808,189.5354461669922,79.30557250976562
781.7254028320312,542.0361328124995,189.72137451171875,79.3487548828125
766.8341979980469,542.709693908691,191.63812255859375,78.37855529785156
755.0815505981445,542.9313240051265,187.95899963378906,77.51473236083984
