495.0,578.0,424.0,400.0
470.19064331054676,560.0700073242186,438.79913330078125,419.43505859375
464.1672210693358,574.9754180908202,430.1683654785156,410.2217712402344
488.92628479003895,582.1878967285155,430.4626159667969,401.56781005859375
509.32281494140614,569.723403930664,424.080078125,415.6078796386719
527.8293914794922,541.1197662353516,421.2120666503906,426.6224060058594
534.7828521728516,530.4218444824219,424.6824645996094,428.11175537109375
531.7092742919921,530.1051483154296,421.7374572753906,415.5970764160156
532.0109558105468,511.46319580078114,414.16302490234375,419.74658203125
526.891174316406,506.94169616699196,414.49658203125,418.1076965332031
471.9877014160153,513.0947723388668,418.78277587890625,420.2207336425781
477.78163146972634,541.045700073242,430.2010192871094,415.4680480957031
489.63087463378884,583.4640808105466,426.3665466308594,415.20843505859375
491.90422058105446,600.9537963867185,429.6609191894531,417.5784912109375
459.8419494628904,620.3191833496091,419.81488037109375,418.17718505859375
446.0171661376951,595.4377593994138,423.4566345214844,422.6026306152344
424.06510925292946,572.4992980957029,437.4761047363281,420.84259033203125
387.53012084960915,579.4714508056638,441.25506591796875,419.3678894042969
363.45814514160134,579.7127685546873,445.9584655761719,424.288330078125
334.41996765136696,599.863830566406,438.0816955566406,431.7943115234375
310.71742248535134,637.8917541503904,451.6340026855469,419.12164306640625
369.71249389648415,659.4067382812498,442.51593017578125,404.390869140625
407.4720458984373,653.624572753906,451.9931640625,411.1904296875
399.6359405517576,633.7428894042966,455.4233093261719,414.16717529296875
381.50004577636696,604.7080841064451,454.6881408691406,432.8141784667969
350.06022644042946,595.6864166259763,471.5113830566406,416.0649108886719
341.74678039550747,596.4328155517575,470.4197692871094,407.9616394042969
332.90786743164017,604.7210235595699,471.68548583984375,416.5735778808594
333.1332855224605,620.2890930175777,465.2273254394531,413.99774169921875
349.4413757324214,621.353393554687,463.37860107421875,423.3619384765625
360.93176269531193,612.6944580078119,467.7215576171875,413.2255859375001
371.7286987304682,593.2149353027339,461.7735595703125,420.61383056640625
383.4973754882808,581.4152832031247,463.556640625,414.6671142578125
383.02995300292923,583.1131591796872,457.4662170410156,420.9178466796875
385.6237487792964,603.7382202148434,459.09344482421875,413.8953857421875
398.1047973632808,619.0691070556637,462.5638427734375,422.62863159179676
395.80601501464787,642.849029541015,452.8512268066406,418.80181884765636
381.4165954589838,653.804794311523,464.22454833984375,412.4836730957031
377.869033813476,646.5658416748042,459.4821472167969,426.1234436035156
390.27522277831974,632.131958007812,437.7027282714844,420.2852783203125
383.72338867187443,608.4843444824214,436.470947265625,426.43914794921875
375.20214843749943,584.9399414062495,437.2960205078125,431.5579833984375
364.0905456542963,590.6268005371089,444.66717529296875,438.83941650390625
347.8501129150385,619.6481475830074,464.4007263183594,430.0232849121094
358.03286743164006,642.4135742187495,464.34210205078125,423.13525390625
369.43553161621037,662.1000518798824,482.0967102050781,410.5430603027344
380.9400024414058,676.0743560791012,500.1041259765625,386.30905151367176
381.11689758300736,692.2422027587886,504.4751892089844,346.2522888183594
379.8765563964839,696.8585968017574,503.49945068359375,333.7587585449219
406.0650024414058,708.5367736816402,501.37841796875,355.51922607421875
406.13508605956974,722.1960601806635,491.6067810058594,339.2969665527345
461.9969635009759,711.9839630126947,495.9482116699219,349.0569763183595
507.4412536621087,715.4064788818355,462.33819580078125,330.6874084472656
591.0466766357415,670.6538238525386,445.0986633300781,341.3246765136719
660.5765228271478,649.7367248535152,436.0854797363281,339.77081298828125
701.4668273925774,611.327026367187,423.07867431640625,354.3607177734375
701.3493347167962,589.1130371093745,418.81561279296875,358.1563720703125
671.0795440673821,587.0077209472652,418.2334899902344,367.02484130859375
623.8582458496086,597.1465148925776,427.62530517578114,378.63018798828125
632.842254638671,599.8672943115229,419.40679931640625,377.7966613769531
631.9555358886711,597.9420318603511,407.31134033203114,385.3139343261719
661.4177398681633,589.2400970458981,374.87985229492176,387.4131164550781
650.8562927246085,583.7265167236325,368.37457275390625,389.0884704589844
626.0345611572257,578.1856842041012,358.0480651855469,391.8193054199219
596.4347839355459,572.9100952148433,354.62310791015625,393.1844482421875
584.9897766113271,564.7949371337886,347.81439208984375,402.6519470214844
618.162826538085,570.4246673583981,346.4035949707031,390.2085266113281
638.3683471679678,592.182952880859,377.39892578125,383.81707763671875
651.3792724609365,610.5426177978511,380.5881347656251,389.6528015136719
651.3734893798819,622.4880981445308,375.2843933105469,388.3128662109375
665.402313232421,607.7499542236324,395.90985107421875,394.0852966308594
643.6345825195303,591.4262084960933,404.0550537109375,384.292724609375
628.660858154296,574.8498229980464,407.11968994140625,404.74810791015625
623.1692504882803,584.2064361572261,410.910888671875,397.3571472167969
637.3828887939445,581.0273590087887,401.92477416992176,402.8952331542969
666.8883361816397,585.8103332519528,396.30108642578125,403.59466552734375
669.4444580078116,595.0572662353512,403.0025634765625,407.3114929199219
679.1990203857413,614.9589843749997,412.4204406738281,399.0899658203125
689.664031982421,595.8136444091793,401.00445556640625,402.1866760253906
683.4851531982413,562.5493011474606,404.9435119628906,391.0486145019531
697.4394836425772,531.6716461181637,387.80645751953125,393.1919860839844
773.2797393798819,514.804275512695,414.5104675292969,383.6007995605469
857.9201202392569,540.8534698486325,409.0298767089844,373.3232116699219
851.4573822021475,557.9238128662107,395.9885559082031,379.5456848144531
824.571258544921,565.2142791748045,375.32989501953125,369.1690979003906
756.9021301269522,543.9413299560545,367.30609130859375,381.9385070800781
577.0135650634755,479.3472290039059,377.9740905761719,410.5006103515625
518.4210815429676,463.670272827148,368.5361328125,415.3904113769531
481.157745361327,480.6968383789058,338.62249755859375,387.172607421875
433.8290405273426,512.7898864746089,329.1986083984375,376.75579833984375
399.85604858398324,566.2889709472652,329.38836669921875,369.22161865234375
404.9243011474598,579.1932830810542,334.2740783691406,368.4531555175781
438.4882354736317,585.7725067138667,328.8387145996094,375.6656799316406
373.8697814941395,578.4259185791011,337.18560791015625,377.4655456542969
345.7754058837879,568.1456909179683,334.6819763183594,372.8065185546875
357.86547851562386,542.4882354736324,335.29443359375,369.6215515136719
391.9332885742176,525.7313385009761,329.8599853515625,373.8838806152344
409.92770385742074,532.5154724121089,334.37835693359375,374.83087158203125
415.6544036865223,551.5330505371089,339.9149475097656,367.16522216796875
437.54623413085824,572.242797851562,330.99432373046875,376.1456298828125
410.1625061035145,606.2605590820308,339.21746826171875,364.985107421875
428.3425445556629,580.1848754882808,329.8387145996094,380.88525390625
411.1469879150379,572.7914886474605,332.4017028808594,391.8200988769531
370.23840332031136,582.9863128662105,333.4873046875,388.0480041503906
433.93527221679574,593.4183959960933,323.04229736328125,389.469970703125
505.3057250976551,593.9709625244136,336.1314697265625,391.7900085449219
561.5819091796864,608.5771026611324,326.9056396484375,370.8747253417969
621.9620208740223,573.1463928222652,342.1931457519531,405.17657470703125
625.4239959716786,607.069946289062,333.2168273925781,392.817138671875
645.5334472656239,602.2020874023433,315.345703125,407.1309814453125
715.3965911865223,584.1458435058589,309.4702453613281,425.37408447265625
801.7307281494129,604.9054565429683,371.2085876464844,404.895751953125
805.1257171630848,601.4696502685542,390.3382873535156,411.6344299316406
789.1036376953114,597.7597808837886,363.5467529296875,419.6739196777344
774.9387817382801,590.887313842773,380.429443359375,405.4518127441406
800.1359405517566,602.97964477539,372.71591186523426,380.47271728515625
775.2110748291002,597.0213470458979,406.1230163574219,378.3749084472656
646.2231903076158,568.8046722412104,499.2734680175781,410.0652160644531
675.8756561279284,621.8776550292964,438.3077697753905,361.42755126953125
650.7986755371081,617.6347045898434,439.07940673828114,363.1580810546875
651.9514312744127,617.9633178710934,405.4236755371094,362.2840576171875
649.9542083740221,623.7015838623043,388.1994934082031,361.7766418457031
665.8494873046861,620.6630554199215,366.8916015625,374.64752197265625
679.0557250976549,616.3996582031247,373.1824951171875,374.448974609375
689.9483032226549,603.5665130615231,382.2550048828125,382.7501525878906
702.4962310791002,606.4243164062497,369.1510925292969,386.104248046875
698.5637054443346,614.9978179931637,368.5708312988281,391.2068786621094
708.5170440673814,614.8772430419918,353.3848571777344,391.5414123535156
712.07598876953,611.739074707031,373.5043945312499,395.3570556640625
725.8203277587877,601.2101745605466,383.7027282714844,393.52349853515625
717.5114593505846,567.698532104492,390.5353088378906,399.5602111816406
697.5119171142564,553.8627929687498,389.3390808105469,399.653076171875
691.9680786132799,558.2304077148435,382.640380859375,397.433837890625
667.5661926269518,548.249801635742,383.08380126953125,407.2298889160156
535.9501342773424,536.9688415527341,392.4798583984375,408.71343994140625
443.8115844726549,499.02096557617165,395.12158203125,415.66668701171875
406.9939117431627,500.5353546142576,378.4585876464844,411.9303894042969
414.1296539306627,528.2173767089841,394.8897399902344,417.23724365234375
501.11853027343614,574.7415771484373,396.772705078125,407.2918701171875
598.8689270019518,612.5863952636716,417.00543212890625,390.78045654296875
634.719818115233,632.6446990966795,420.85260009765625,361.5117492675781
647.260101318358,619.614318847656,437.06610107421875,343.315673828125
656.1384124755846,609.9676208496091,432.2043762207031,319.13287353515625
661.8122558593736,604.947570800781,433.085205078125,310.115478515625
675.9694213867174,609.4081115722654,433.017822265625,318.65911865234375
651.0830230712877,639.8771820068357,429.3910827636719,319.8804016113281
672.219558715819,668.667282104492,411.0113220214844,313.5837707519531
702.2008666992174,680.4086151123045,397.570556640625,314.5152893066406
718.9203643798814,687.626022338867,393.6263122558594,312.1777648925781
726.5648040771471,684.1162414550779,366.9635314941406,298.43743896484375
745.4204101562486,651.5867767333982,338.618408203125,297.7418518066406
743.3879547119127,612.796188354492,355.1027526855469,296.2406311035156
787.4786529541002,619.7292022705076,312.0032653808594,298.6836853027344
732.5330047607408,612.8369140624998,349.1617736816406,291.707275390625
807.5268554687486,605.4581604003904,269.5396728515625,307.97564697265625
775.9404602050768,618.761779785156,304.40802001953125,299.1234130859375
763.9996185302721,625.2768554687498,341.6776428222656,297.534912109375
763.2954559326158,630.410690307617,338.3254699707031,287.7237854003906
787.2765960693346,633.5575561523435,341.5698547363281,288.516845703125
787.4465789794908,617.2740173339841,343.9704895019531,311.41656494140625
770.0259857177721,622.144577026367,371.8386535644531,260.5155334472656
764.0718078613268,618.7590332031248,375.65179443359375,318.4200439453125
740.0123596191393,619.3776855468748,336.31414794921875,297.0023193359375
731.9608612060533,615.8458633422849,345.4960021972656,244.8860321044922
750.371414184569,624.3488464355466,335.5763854980469,274.84686279296875
814.7187042236314,631.4166412353513,348.9374694824219,284.7812194824219
876.6256103515611,653.101608276367,309.2237548828125,302.5676574707031
903.3502502441393,671.7184753417966,267.56854248046875,288.94268798828125
844.2174224853502,660.8602294921873,262.0124206542969,286.4197998046875
752.1195755004869,634.102828979492,238.06712341308594,294.7502746582031
632.3286132812486,602.1651611328123,301.0958251953125,304.27740478515625
591.4933471679674,593.6263427734373,303.8643798828125,316.02325439453125
655.7926177978502,632.407760620117,275.7054138183594,302.9563903808594
646.238861083983,666.7706146240232,341.48260498046875,292.8294372558594
685.8710327148424,703.6469421386716,330.26123046875,310.434326171875
1019.634124755858,709.0401611328123,335.36883544921875,297.34686279296875
770.112152099608,699.574768066406,353.76226806640625,281.63909912109375
809.2394409179674,643.5621795654295,339.040771484375,316.1265563964844
787.627532958983,613.356994628906,369.56817626953125,322.45184326171875
741.8242034912096,596.8710174560545,350.9245910644531,326.2434997558594
701.2445220947252,609.275939941406,371.1214294433594,307.60321044921875
680.9028625488268,604.3430023193357,369.35687255859375,326.6099548339844
644.0990600585924,633.732467651367,362.0281982421875,330.7740173339844
629.8307800292955,631.6522216796873,364.91558837890625,347.51287841796875
650.6858978271471,627.0536651611326,343.3128967285156,381.1837463378906
625.3483123779283,633.2011566162107,367.6162414550781,375.3152770996094
673.1835021972643,609.8164367675779,383.14630126953125,406.93408203125
787.0845794677721,612.7269744873045,358.1631164550781,399.4400329589844
827.2198791503893,632.9447174072263,365.16302490234375,396.1098937988281
803.702713012694,632.340148925781,374.3435974121094,418.01544189453125
833.8270568847643,622.9760131835935,321.77581787109375,419.78485107421875
807.5670318603502,599.0287322998045,360.2112731933594,415.9604187011719
764.960037231444,558.8933258056638,354.1578063964844,406.1614074707031
758.5429077148424,532.7956085205076,352.1578369140625,421.1521301269531
776.1508941650377,558.504928588867,344.5693054199219,402.5854187011719
840.6786041259752,565.6914062499998,292.9784851074219,408.88165283203125
830.121673583983,543.7064971923826,304.59075927734375,421.5190734863281
806.1767425537096,520.632858276367,311.0133361816406,392.2155456542969
762.5685882568346,500.3082580566404,337.8656311035156,403.6083984375
756.160476684569,517.9386749267576,332.0137634277344,371.6372375488281
768.5941314697252,491.50575256347634,320.6222839355469,408.0256652832031
758.0185089111314,498.5945892333982,322.5740661621094,387.2770690917969
738.3364715576158,493.9987640380857,359.0124816894531,404.6227722167969
741.820388793944,506.45143127441384,331.3464050292969,412.7286682128906
747.4293060302721,544.680709838867,346.8249816894531,402.2845153808594
774.8306121826158,531.0023193359373,357.9228820800781,395.88787841796875
777.1114501953111,546.8186187744138,361.330810546875,336.0429992675781
808.603607177733,487.9938354492185,290.16851806640625,450.41107177734375
809.3816986083971,517.0951232910154,327.8500061035156,404.370361328125
818.3872680664049,498.07255554199196,313.8983154296875,439.5298767089844
825.4120330810533,468.6754150390623,309.2815246582031,457.12786865234375
819.061355590819,472.0598449707029,288.1139831542969,474.933837890625
829.6609497070299,490.87760925292946,277.6796875,456.7074890136719
845.0187377929674,495.57084655761696,298.8031005859375,452.1708679199219
861.7406921386705,490.2143402099607,288.44427490234375,458.1014099121094
946.5358581542955,488.85124206542946,267.07354736328125,458.2704772949219
982.7859497070299,537.9054718017576,273.642822265625,421.4826965332031
942.2268218994127,535.8461761474607,254.19088745117188,438.6374206542969
887.8642807006822,508.3944396972654,245.3159942626953,447.465087890625
863.1247406005846,496.73854064941384,281.5294494628906,462.3728332519531
837.3699951171861,489.0699768066404,270.3907470703125,442.9945068359375
828.8814849853502,506.62550354003884,265.2170104980469,441.0102844238281
812.4970703124986,555.579650878906,257.7589111328125,408.69610595703125
796.5317840576158,558.5114746093748,267.2539367675781,417.54205322265625
804.7771987915025,518.9862823486326,246.3669891357422,467.3631896972656
824.8359985351549,604.1721954345701,262.6185302734375,380.6310119628906
809.1433639526354,567.993713378906,254.12013244628906,396.22406005859375
791.525222778319,491.7889709472654,246.20065307617188,458.6851806640625
764.0593566894518,536.877014160156,247.98370361328125,442.22381591796875
792.592002868651,559.2270507812498,236.7582550048828,428.18121337890625
857.0670394897447,522.2324066162107,241.9297637939453,449.3689880371094
900.4675369262682,528.0519866943357,248.37852478027344,438.1033630371094
954.6237030029283,517.4978790283201,262.6015930175781,448.8578186035156
1012.9604797363268,534.5409393310545,256.34539794921875,427.7469177246094
1161.4911804199205,645.570617675781,268.68048095703125,416.96026611328125
1169.8034973144518,589.9808502197263,291.99249267578125,457.1127014160156
1164.1891784667955,620.5703430175779,330.98895263671875,431.808837890625
1143.9982452392564,635.2069854736326,382.9776306152344,408.1671447753906
1118.1735076904283,602.615020751953,410.3086242675781,432.2888183593751
1099.6157379150377,537.6420593261719,435.3536071777344,502.183349609375
1070.1398925781236,547.6823577880858,435.1324462890625,499.419891357422
1030.6882629394518,537.540267944336,458.73944091796875,488.69186401367176
996.7071685791002,484.35092163085926,461.0212097167969,539.406494140625
968.5962371826158,490.79013061523426,462.4410705566406,533.5854492187501
941.8111724853502,513.3724365234375,469.3503112792969,522.9091186523438
931.0627288818346,498.86016845703125,485.0005187988281,515.1194458007812
925.2544555664049,509.63031005859375,461.792724609375,506.20953369140625
935.7241363525377,513.6497039794923,443.0850524902344,499.0263366699219
925.2010498046861,563.9113616943362,454.685546875,464.7935485839844
929.2274169921861,566.1331481933595,424.9703369140625,440.2010498046875
909.4461059570299,562.0940246582032,453.775146484375,471.7624511718749
866.3693847656236,553.1439971923828,441.8416748046875,444.4576721191406
806.6453704833971,540.239227294922,451.8280334472656,438.48046875
726.2686462402331,562.5602874755862,450.08172607421864,405.3703308105469
686.3880462646471,566.1522521972659,433.7816467285156,397.2216796875
654.6654052734361,586.2533111572268,423.7489013671875,381.3037414550781
615.8429107666002,557.3540802001955,410.3033142089844,411.6485900878906
575.0399475097643,560.3171997070315,404.27215576171875,401.29510498046875
570.3336029052721,545.1921386718752,397.2799377441406,427.70880126953125
584.5637817382799,544.7475433349612,378.9300537109375,421.4123229980469
627.2054748535143,546.9696350097659,371.12359619140625,418.84912109375
652.3588714599596,545.7521057128909,370.4530334472656,404.35302734375
634.705169677733,554.9939575195315,335.10723876953125,385.32379150390625
618.8578186035143,580.6534423828127,345.47772216796875,396.97698974609375
566.4087371826158,635.4552917480471,329.1723937988281,366.826416015625
521.8414154052721,649.9956970214846,289.8220520019531,419.788818359375
505.2056274414049,660.2367095947268,275.610107421875,402.0799865722656
525.728591918944,647.7646331787112,243.46017456054688,387.8548278808594
532.8800506591783,643.0028991699221,210.15542602539062,413.55126953125
519.56223297119,656.7444458007815,204.8276824951172,414.84088134765625
518.4259262084947,691.3542175292971,188.0469512939453,377.186767578125
543.3857803344713,696.1412200927737,160.8563690185547,383.85877990722634
554.4559860229479,687.1408462524416,169.29859924316406,388.5868225097656
543.6855163574205,698.5370101928713,184.04718017578125,372.78863525390625
492.5451583862291,716.2352676391604,211.32801818847656,360.2165832519531
813.4649810791002,594.2452926635744,316.1558532714844,429.52789306640625
887.0543212890611,637.0322647094729,326.17041015625,428.0402526855469
916.6340484619127,661.5140609741213,323.4427185058594,401.3343505859375
924.1486511230455,660.3938369750979,310.86981201171875,402.6145935058594
911.8530120849596,661.4894027709963,292.5138244628906,397.5257568359375
856.8460693359361,613.3974227905276,324.4774169921875,438.915283203125
807.7333984374986,600.8484725952151,344.2064208984375,409.695556640625
824.6618347167955,572.9808883666994,326.26141357421875,405.25225830078125
834.7555999755846,577.6549301147463,330.4482727050781,396.3536376953125
808.2182159423814,607.4240798950198,345.0739440917969,417.3259582519531
829.0457763671861,615.2981948852541,339.24951171875,429.2760925292969
828.9426269531236,613.0097427368166,340.301513671875,438.3450622558594
832.2450103759752,580.9442062377932,329.2864685058594,442.95721435546875
861.6899108886705,577.9090652465823,312.33599853515625,436.4338684082031
917.9818878173814,557.7426223754885,297.8965759277344,431.3595275878906
998.8795928955064,544.0729293823244,281.0061950683594,419.77203369140625
676.1942291259752,701.4145278930666,249.96322631835938,370.3573913574219
680.1307373046861,706.4777145385744,235.1011962890625,361.50421142578125
664.5909271240221,708.9966049194338,235.53945922851562,361.046630859375
640.8432769775377,690.1830215454104,250.42355346679688,381.6011657714844
953.0108947753893,494.0394210815432,304.84674072265625,460.60614013671875
877.8467407226549,452.08252716064464,314.656494140625,455.3889465332031
849.6488800048814,453.9401626586915,315.4174499511719,469.2698669433594
747.6260986328111,524.2393112182618,321.5234375,473.42840576171875
737.1888580322252,585.8348770141603,310.3595886230469,465.66476440429676
