886.0,639.0,85.0,106.0
897.2211799621582,645.6430473327637,97.64000701904297,106.14752960205078
913.5643463134766,657.0121192932129,102.30252075195312,105.6168441772461
933.0145149230957,671.4180755615234,105.02214813232422,103.15084838867188
968.7760162353516,683.0488510131836,106.49203491210938,106.38258361816406
1003.7123336791992,681.7601127624512,108.20304870605469,106.38117218017578
1032.0439529418945,683.1293830871582,112.51832580566406,106.08373260498047
1042.119987487793,690.946907043457,114.16944885253906,104.87989807128906
1043.964183807373,695.827709197998,116.44446563720703,105.52283477783203
1026.5314407348633,689.3684120178223,124.89015197753906,107.85091400146484
998.6852378845215,664.651969909668,127.4542007446289,107.23039245605469
975.3124237060547,635.2836685180664,129.32012939453125,110.26188659667969
952.1037521362305,611.9130630493164,132.1841278076172,110.77153015136719
934.2098999023438,612.1586303710938,139.09402465820312,115.52188110351562
913.5708770751953,626.6751327514648,137.92221069335938,112.70848083496094
901.9808654785156,621.9385757446289,145.811279296875,112.86424255371094
881.9517822265625,623.3122291564941,146.4742431640625,117.41020965576172
787.2466812133789,637.3496170043945,150.2313995361328,116.92161560058594
689.5589294433594,661.2019462585449,157.68588256835938,122.24723052978516
647.2384643554688,649.8604125976562,157.46670532226562,121.61810302734375
639.0407333374023,610.2343101501465,163.6393280029297,119.5591812133789
591.3545074462891,587.0051383972168,168.36151123046875,119.72901153564453
607.8853912353516,566.4626541137695,164.71044921875,118.37641906738281
609.705680847168,547.8799629211426,155.73350524902344,123.90923309326172
636.0211486816406,512.5530586242676,168.53652954101562,122.4785385131836
724.3889083862305,517.0653038024902,172.45982360839844,121.23523712158203
801.7488632202148,547.022647857666,174.71775817871094,127.14629364013672
830.2654876708984,567.8475570678711,182.98968505859375,124.57875061035156
888.6637802124023,601.8032073974609,179.18431091308594,124.94839477539062
959.4194259643555,632.2280693054199,184.3159637451172,122.8183364868164
1002.8505477905273,657.6249732971191,185.88230895996094,126.93932342529297
1015.8815994262695,674.6484680175781,186.39222717285156,134.1805419921875
1073.5895919799805,733.9847640991211,181.4281463623047,134.7232208251953
1111.8337860107422,752.5971069335938,172.7532958984375,133.12921142578125
1148.9772872924805,749.0283889770508,188.0082244873047,129.5005340576172
1184.6210632324219,737.5210342407227,184.29238891601562,134.5907440185547
1209.9320831298828,713.1281661987305,191.108642578125,140.28712463378906
1212.1930084228516,693.2352905273438,194.94378662109375,138.10211181640625
1206.255111694336,692.3300933837891,200.601318359375,135.94198608398438
1195.1289138793945,705.7759094238281,200.45509338378906,141.44140625
1192.3050231933594,710.4527969360352,203.42361450195312,140.11912536621094
1161.738136291504,690.804313659668,204.83265686035156,138.3351593017578
1161.650405883789,686.8461990356445,203.58221435546875,137.67857360839844
1164.1280212402344,698.406364440918,202.84945678710938,144.47352600097656
1140.2662658691406,710.7724227905273,203.71554565429688,139.85499572753906
1108.2683029174805,702.7886810302734,210.15647888183594,137.70553588867188
1047.597885131836,661.3540496826172,208.4951171875,147.41812133789062
973.3712539672852,632.7180709838867,204.52821350097656,142.84718322753906
936.7085189819336,626.8132171630859,207.7839813232422,140.70877075195312
888.3256225585938,624.0510635375977,209.02700805664062,146.2107391357422
875.7901763916016,619.4397048950195,206.0355224609375,136.0166473388672
905.0340957641602,614.7828216552734,210.6420440673828,145.32162475585938
928.252067565918,626.4723434448242,205.62535095214844,135.78919982910156
960.6128997802734,630.9218063354492,215.03704833984375,153.05921936035156
971.0137634277344,648.5089645385742,219.38577270507812,151.68177795410156
991.7210006713867,662.9971923828125,212.30967712402344,124.4080810546875
1006.2974243164062,651.589111328125,228.93447875976562,141.92755126953125
1035.9220352172852,647.287956237793,239.2970733642578,149.8855743408203
1066.0991897583008,659.2934951782227,237.2532501220703,155.5857391357422
1099.861961364746,666.3725738525391,249.0220184326172,147.41635131835938
1114.6042098999023,672.8074340820312,245.47300720214844,156.12823486328125
1127.8797073364258,678.3128051757812,251.70204162597656,155.26513671875
1136.2947387695312,672.0804824829102,256.0822448730469,148.6257781982422
1151.374496459961,663.8571166992188,261.803955078125,154.01190185546875
1184.4683685302734,660.1594467163086,261.8509521484375,147.3295440673828
1229.2406463623047,675.0461273193359,270.76129150390625,139.10714721679688
1276.9698333740234,680.4828720092773,274.68780517578125,152.9467315673828
1301.2268524169922,678.1926116943359,285.35064697265625,156.62820434570312
1320.9327392578125,688.5683746337891,285.4828796386719,167.43002319335938
1347.7367553710938,702.406867980957,280.5093688964844,152.3035125732422
1376.3322296142578,703.5845336914062,312.12005615234375,170.587646484375
1405.2797393798828,715.1809616088867,319.2838134765625,170.1770782470703
1433.3743438720703,728.5032348632812,315.74615478515625,173.5084228515625
1479.9913635253906,756.8046798706055,322.1336975097656,179.0259552001953
1538.832290649414,775.904914855957,328.98394775390625,178.3599090576172
1565.5452880859375,791.5205841064453,337.2444763183594,177.43368530273438
1591.068618774414,806.0325775146484,324.796142578125,178.59561157226562
1626.7161254882812,822.8849105834961,287.2278137207031,181.7595977783203
1641.8786163330078,901.0898170471191,271.341064453125,122.39281463623047
1678.8483200073242,923.2559394836426,239.0851287841797,123.47933197021484
1696.371223449707,924.3429260253906,220.0884552001953,128.32305908203125
1727.3919143676758,932.1481552124023,189.5092315673828,124.80342102050781
1714.9255447387695,931.960563659668,201.07948303222656,121.25825500488281
1620.425796508789,910.2551727294922,291.697509765625,132.69778442382812
1504.4316864013672,842.9646377563477,366.935791015625,172.1352996826172
1398.5679473876953,811.8190231323242,353.21746826171875,173.1695098876953
1311.1428527832031,781.5478210449219,338.0989685058594,167.17791748046875
1227.1642761230469,729.5744552612305,325.2110900878906,172.6587677001953
1201.5048217773438,705.7048873901367,330.3413391113281,174.7915802001953
1198.2850494384766,686.1939086914062,320.41888427734375,177.19903564453125
1198.7089080810547,680.7716522216797,320.92218017578125,179.59072875976562
1195.9091491699219,680.864860534668,321.4200134277344,182.8301544189453
1187.42919921875,676.9299850463867,322.6990051269531,183.98292541503906
1184.4197845458984,674.5418319702148,322.87872314453125,183.86976623535156
1172.6065826416016,680.8908386230469,324.82855224609375,178.36602783203125
1139.5145263671875,698.0507736206055,315.3738708496094,170.56068420410156
1103.068359375,705.5939407348633,313.0458068847656,174.9841766357422
1014.5962829589844,706.4476318359375,313.1655578613281,183.59454345703125
935.4099884033203,723.5794143676758,310.1700439453125,183.10850524902344
891.2093811035156,743.6229629516602,305.1590881347656,185.5715789794922
914.4447174072266,747.6868896484375,301.1068115234375,182.45343017578125
960.2088623046875,747.0697021484375,302.2651672363281,178.00628662109375
969.5253753662109,774.5074691772461,301.3896484375,187.80751037597656
965.0693054199219,807.8866958618164,311.5895690917969,191.9424285888672
957.4993896484375,833.5083618164062,326.1858825683594,195.8125
931.2360534667969,852.86865234375,346.9648132324219,188.8673095703125
899.0114593505859,842.9600448608398,330.45050048828125,188.40223693847656
886.5438079833984,806.3314514160156,325.312255859375,192.50640869140625
918.7164764404297,767.7319641113281,318.20263671875,185.976318359375
962.1701965332031,731.1389389038086,321.4007873535156,197.84974670410156
934.9470062255859,735.0077896118164,327.45928955078125,205.0201873779297
847.8355865478516,769.8184661865234,330.470458984375,208.15945434570312
871.3764190673828,713.0563430786133,323.5675048828125,199.7316131591797
892.4222564697266,608.8266754150391,315.2786865234375,208.67526245117188
938.7441711425781,582.4197616577148,319.6713562011719,211.97120666503906
966.52392578125,585.5116882324219,319.1506652832031,220.0203857421875
941.3583221435547,596.8491744995117,321.0084228515625,218.3417510986328
904.4967346191406,620.3546447753906,315.0733947753906,222.9521484375
871.6568450927734,608.7115020751953,302.53460693359375,220.37832641601562
893.5420989990234,581.9631958007812,302.76312255859375,227.38116455078125
915.96875,553.1930389404297,305.7380676269531,231.08547973632812
958.8480224609375,535.8557968139648,298.9267883300781,226.0362091064453
962.2262725830078,536.891731262207,304.09521484375,234.75242614746094
979.5489959716797,540.6093521118164,295.90423583984375,232.3838348388672
995.5615844726562,540.0980682373047,294.7326965332031,232.83999633789062
1055.0179290771484,558.0715179443359,288.51995849609375,230.98867797851562
1046.4536590576172,559.9862518310547,290.700927734375,230.68276977539062
1056.5631713867188,552.9243087768555,284.2995300292969,235.00038146972656
1056.33984375,548.4822235107422,279.8759460449219,237.95681762695312
1036.261215209961,587.8840637207031,267.5277099609375,244.25079345703125
1074.7098846435547,600.639030456543,249.1622314453125,248.90248107910156
1044.6185913085938,512.1298141479492,256.4189758300781,246.95228576660156
953.1104888916016,354.5721893310547,233.62255859375,254.72158813476562
888.322868347168,362.1995315551758,243.41856384277344,252.58421325683594
850.4770278930664,507.02626037597656,236.0605010986328,243.80905151367188
860.4636840820312,583.2617416381836,233.02847290039062,238.3653106689453
848.928581237793,608.245491027832,237.9517059326172,230.4604949951172
863.6633529663086,570.0442047119141,231.79624938964844,231.09817504882812
889.9443740844727,505.8744659423828,225.8588409423828,230.92965698242188
920.704719543457,488.2221908569336,221.58595275878906,241.64027404785156
843.0070495605469,520.0158386230469,209.36953735351562,248.03485107421875
904.7807159423828,523.3345413208008,202.50054931640625,252.1968231201172
914.0359649658203,521.2805328369141,186.4393310546875,259.5870666503906
935.5447692871094,533.9906768798828,178.10574340820312,260.4705505371094
949.8971481323242,573.7738876342773,177.2656707763672,252.48768615722656
968.1658706665039,592.8534317016602,181.17762756347656,243.7721405029297
986.5213851928711,603.5222091674805,177.21580505371094,234.4618682861328
997.1441268920898,599.9299468994141,173.24095153808594,231.39834594726562
988.327522277832,595.1108703613281,170.79750061035156,225.4652099609375
960.0622406005859,605.8531799316406,166.114013671875,221.55224609375
938.2311935424805,643.8989105224609,157.22068786621094,213.24331665039062
943.0860061645508,688.8321990966797,149.68177795410156,206.75253295898438
983.2973175048828,748.440673828125,143.8270263671875,199.66949462890625
1026.4655151367188,781.997184753418,139.26956176757812,197.0473175048828
1048.2239303588867,794.7248229980469,144.82823181152344,193.70263671875
1087.0108032226562,769.3060913085938,136.65982055664062,193.265380859375
1107.3147811889648,728.5882873535156,130.21788024902344,194.355224609375
1110.764015197754,697.0638732910156,132.1746368408203,207.7010498046875
1117.699592590332,680.5849456787109,128.00477600097656,218.76583862304688
1106.7454986572266,682.3945846557617,126.8392333984375,234.6192169189453
1101.2080726623535,702.661979675293,123.50411224365234,240.8997344970703
1099.2970542907715,712.0075912475586,122.36734771728516,248.5443878173828
1095.2701225280762,729.8312606811523,121.82868194580078,248.92372131347656
1085.9145240783691,739.7751235961914,118.85469818115234,251.9487762451172
1067.218090057373,741.6128158569336,120.10126495361328,245.67884826660156
1052.3065910339355,738.7425918579102,122.00391387939453,246.55296325683594
1061.3502616882324,735.0692672729492,121.44342803955078,248.34413146972656
1111.175365447998,738.204231262207,120.39264678955078,248.84434509277344
1184.752784729004,744.0712661743164,122.66462707519531,252.6422576904297
1154.0604057312012,755.4638977050781,118.12281036376953,244.4200439453125
1204.1203536987305,745.511848449707,111.59825134277344,243.5076141357422
1165.1005058288574,727.8312530517578,116.39661407470703,241.67739868164062
1113.0880966186523,724.3878326416016,116.21519470214844,236.96585083007812
1094.6749801635742,757.0162506103516,117.01713562011719,217.02047729492188
1071.868808746338,790.0404815673828,121.2286605834961,206.87356567382812
1076.1770973205566,821.2300567626953,115.7826156616211,207.06527709960938
1073.6647872924805,837.450439453125,117.30479431152344,209.97119140625
1076.2866325378418,835.390739440918,115.66968536376953,212.0205841064453
1073.4860038757324,820.4420318603516,116.42725372314453,209.95327758789062
1067.4311752319336,803.5721588134766,117.73088073730469,209.37844848632812
1035.844051361084,784.7984848022461,115.35880279541016,213.97108459472656
1037.0841674804688,783.7855834960938,114.83486938476562,218.85858154296875
1034.958137512207,793.0935745239258,117.98817443847656,220.7296600341797
1049.304042816162,818.2975540161133,120.66788482666016,216.4143524169922
1062.29341506958,833.0817642211914,121.17253875732422,226.9274139404297
1061.7689819335938,838.8295364379883,118.13876342773438,223.3763885498047
1052.7514419555664,860.6941299438477,126.95991516113281,211.4366912841797
1031.448844909668,867.8736419677734,131.3951873779297,206.38125610351562
1020.8256072998047,860.7624816894531,134.12994384765625,208.64495849609375
1013.1236953735352,853.7364501953125,137.1134796142578,207.6929931640625
992.4113922119141,837.8909072875977,135.5653076171875,203.92832946777344
1015.3698577880859,831.0905990600586,137.88226318359375,193.4274444580078
1013.0810089111328,829.2517776489258,135.81182861328125,181.4570770263672
1019.7038269042969,818.7292175292969,143.35598754882812,182.58258056640625
1028.9970016479492,819.2312850952148,148.5797576904297,181.8335723876953
1033.016960144043,816.8993759155273,155.74266052246094,187.02516174316406
1035.342185974121,822.8301696777344,163.1261444091797,184.4735107421875
1045.8110733032227,817.4253082275391,167.82191467285156,186.84085083007812
1057.769027709961,816.171012878418,170.54412841796875,180.67616271972656
1070.9773712158203,810.298942565918,176.63134765625,181.1176300048828
1074.398811340332,805.5050354003906,175.78102111816406,192.660888671875
1079.0416564941406,806.2174072265625,172.68020629882812,190.7396240234375
1080.2580032348633,802.4938735961914,168.5707550048828,185.07749938964844
1082.6579818725586,795.8831634521484,169.2001190185547,194.51809692382812
1122.4621963500977,808.2242202758789,175.4898223876953,195.6515350341797
1154.8878555297852,820.6891937255859,168.7691192626953,196.10690307617188
1148.8506469726562,831.1161346435547,173.79287719726562,196.49685668945312
1105.4688339233398,827.4100112915039,172.9205780029297,196.5703582763672
1093.167236328125,827.046760559082,170.87484741210938,200.9659881591797
1093.2587509155273,837.5257797241211,169.2522430419922,198.45179748535156
1090.5753707885742,845.96142578125,168.86033630371094,201.9661865234375
1095.2643508911133,854.5175247192383,166.6139678955078,206.7789764404297
1123.6888809204102,859.5836181640625,168.3012237548828,205.296142578125
1196.953598022461,848.3157119750977,170.27606201171875,211.5430145263672
1238.4127578735352,879.2496643066406,167.10877990722656,195.77227783203125
1216.294288635254,884.6259002685547,166.1819610595703,192.19107055664062
1237.6059188842773,852.5052947998047,163.5817108154297,206.85012817382812
1154.0067977905273,810.2456817626953,167.6357879638672,201.29641723632812
1118.4830932617188,799.9098587036133,164.33767700195312,201.75035095214844
1082.8318481445312,809.9849090576172,160.75082397460938,195.74423217773438
1082.0060653686523,808.6560134887695,163.23948669433594,197.26475524902344
1085.6506271362305,802.6234741210938,162.64659118652344,200.95849609375
1097.288818359375,794.1099090576172,159.16360473632812,200.82937622070312
1099.801399230957,786.6251068115234,159.77699279785156,202.11013793945312
1105.788818359375,779.4053344726562,162.02133178710938,206.20806884765625
1113.730972290039,780.1801223754883,162.2542724609375,204.9853973388672
1123.6158599853516,783.2921142578125,159.42572021484375,203.00604248046875
1143.9410858154297,780.3620758056641,158.77484130859375,203.29501342773438
1142.9252090454102,785.4661026000977,165.8878936767578,198.9850311279297
1149.8553848266602,795.8383560180664,165.50648498535156,196.9300994873047
1141.5393142700195,813.9123001098633,169.1870880126953,198.35374450683594
1165.4850540161133,823.2999496459961,169.2968292236328,194.5563507080078
1153.3892669677734,822.5068588256836,171.28680419921875,191.9394073486328
1130.0456848144531,816.5896377563477,168.30484008789062,192.9696502685547
1126.405517578125,814.1135864257812,168.07296752929688,189.36236572265625
1148.7460250854492,801.1008071899414,164.59397888183594,193.15476989746094
1141.0363998413086,794.5951232910156,164.64292907714844,190.80908203125
1126.4111557006836,787.0476837158203,163.29942321777344,185.12832641601562
1116.2243957519531,775.121467590332,163.92666625976562,195.80723571777344
1103.7376022338867,764.7034225463867,161.77500915527344,192.5196075439453
1092.3801498413086,761.304313659668,159.76731872558594,195.4344024658203
1092.220230102539,765.6313018798828,155.809814453125,195.25961303710938
1094.1220092773438,768.629753112793,155.02804565429688,197.70814514160156
1091.9791793823242,772.6701202392578,151.1919403076172,194.67568969726562
1098.6754989624023,779.3818740844727,149.63890075683594,197.26646423339844
1112.246826171875,784.2809066772461,147.70584106445312,201.5851593017578
1119.6593399047852,783.7721099853516,148.2403106689453,201.94760131835938
1126.4109649658203,778.3717498779297,149.165771484375,203.88308715820312
1116.8480758666992,787.9727249145508,148.72996520996094,199.27073669433594
1126.4255981445312,794.5238265991211,147.65048217773438,204.1673126220703
1144.108741760254,788.5722351074219,144.5735626220703,206.533447265625
1152.2707824707031,762.9422454833984,145.20315551757812,203.08468627929688
1114.2750244140625,718.3304138183594,143.72872924804688,200.7738037109375
1070.2085723876953,672.4678726196289,143.01580810546875,199.6959686279297
1034.8024291992188,633.4761428833008,144.34695434570312,198.30979919433594
1018.3424911499023,593.6145782470703,143.35276794433594,195.52188110351562
1039.1722793579102,582.3367080688477,148.14601135253906,198.38523864746094
1070.5035095214844,590.1626052856445,145.92074584960938,194.4125213623047
1151.6485900878906,611.6350479125977,150.56130981445312,189.14183044433594
1242.596420288086,617.4084625244141,153.68701171875,186.91171264648438
1310.7958602905273,604.0222930908203,157.05528259277344,189.91250610351562
1306.7297286987305,592.1288681030273,158.56004333496094,194.4390411376953
1241.6309127807617,572.049674987793,145.2954559326172,177.19593811035156
1143.2916641235352,532.7937164306641,151.33363342285156,178.17251586914062
1067.9075164794922,507.04461669921875,143.876708984375,177.79095458984375
1026.1902694702148,507.8070297241211,147.3713836669922,180.30799865722656
992.468635559082,557.7452239990234,148.29481506347656,178.64254760742188
994.3215789794922,637.926513671875,152.17462158203125,184.68548583984375
1044.6752014160156,701.8955154418945,153.16079711914062,190.24046325683594
1097.0809326171875,736.0742340087891,155.36080932617188,189.48123168945312
1117.2143249511719,761.7383880615234,149.07168579101562,187.51492309570312
1107.6569137573242,746.337043762207,151.7563934326172,185.3793182373047
1101.0982818603516,715.0266952514648,151.89312744140625,179.62013244628906
1083.1223907470703,651.5500717163086,145.134521484375,185.6781768798828
1044.5720672607422,607.8992919921875,143.61053466796875,185.65545654296875
1025.5675048828125,577.2789840698242,144.57003784179688,180.8811798095703
1022.0885543823242,563.0175247192383,141.3903045654297,181.17967224121094
1031.3521118164062,589.7745132446289,143.51620483398438,185.00718688964844
1051.0268325805664,619.3863906860352,142.1956329345703,184.8424530029297
1083.3132553100586,644.5695877075195,143.1473846435547,186.7613983154297
1130.0532760620117,680.4951324462891,142.56065368652344,189.09213256835938
1156.9483261108398,701.0452270507812,135.88963317871094,181.63153076171875
1158.3171844482422,690.9720611572266,131.524658203125,188.80715942382812
1120.4943504333496,665.9549102783203,126.26663970947266,192.52749633789062
1115.5531463623047,622.8405838012695,129.14154052734375,200.27098083496094
1110.5736236572266,594.9506759643555,126.47369384765625,203.6189727783203
1102.466022491455,582.2538070678711,126.43657684326172,207.3114776611328
1105.521312713623,582.7048568725586,123.03986358642578,198.66139221191406
1119.7357177734375,590.1662826538086,165.13131713867188,197.4428253173828
1120.554100036621,607.6054229736328,130.87974548339844,201.96035766601562
1134.1004180908203,625.4592590332031,173.94195556640625,199.69537353515625
1113.9156227111816,644.7028503417969,126.8587875366211,196.30712890625
1039.2801666259766,666.8409423828125,146.87600708007812,189.31842041015625
1007.0980072021484,667.4450607299805,135.76046752929688,205.78675842285156
1089.4506149291992,653.091926574707,140.1183624267578,203.73435974121094
1113.5076904296875,642.3687362670898,132.12078857421875,204.1614532470703
1168.6217727661133,606.7167816162109,132.8610076904297,198.19876098632812
1189.616683959961,554.7783355712891,144.44686889648438,202.33572387695312
1177.219741821289,522.393684387207,146.25021362304688,211.1813201904297
1197.4402542114258,505.20702362060547,137.11436462402344,209.09986877441406
