493.0,554.0,288.0,203.0
493.95953369140625,550.2151565551758,285.45330810546875,201.8258514404297
495.5547180175781,549.4496078491211,284.7034912109375,204.36854553222656
494.4114685058594,552.322135925293,284.0474853515625,203.7176055908203
491.89129638671875,553.8608551025391,283.019287109375,204.89559936523438
488.37945556640625,552.8821487426758,286.80963134765625,203.3223114013672
486.7248229980469,547.9029312133789,287.12255859375,204.4352264404297
489.5287170410156,548.0765380859375,285.3133544921875,203.5401611328125
488.6793518066406,550.404411315918,286.79583740234375,201.38990783691406
492.95672607421875,549.8500213623047,285.7874755859375,203.21932983398438
492.78648376464844,548.2604141235352,287.2571105957031,201.0710906982422
496.89720153808594,545.8390502929688,287.0140075683594,201.46002197265625
495.6564636230469,547.1389999389648,285.5458984375,202.32960510253906
496.5188751220703,549.1041717529297,284.0649719238281,202.87350463867188
497.5746307373047,554.0122680664062,282.9051818847656,202.2945556640625
480.260009765625,576.7145004272461,291.40606689453125,205.01930236816406
471.2789001464844,600.8456497192383,292.62689208984375,205.3490447998047
465.94712829589844,616.7350082397461,292.8526306152344,203.35353088378906
458.4669952392578,630.0204544067383,294.1503601074219,206.27159118652344
442.10308837890625,636.0065612792969,294.75830078125,206.5682373046875
422.6672821044922,633.907341003418,295.7732238769531,207.5347442626953
404.31878662109375,631.0121917724609,296.22607421875,207.53128051757812
374.3051300048828,624.7056045532227,301.7041931152344,210.0489959716797
359.9334411621094,623.2279586791992,300.57757568359375,212.0813751220703
366.7936096191406,628.17041015625,304.14862060546875,212.59051513671875
401.6218566894531,645.2547149658203,300.29791259765625,210.50650024414062
443.87005615234375,649.8438110351562,295.7218017578125,206.64556884765625
468.73219299316406,650.3358917236328,292.2371520996094,204.40444946289062
483.7020721435547,646.1476745605469,293.7186584472656,201.16925048828125
484.2962341308594,643.4730224609375,292.71435546875,201.0631103515625
505.31910705566406,624.6581039428711,293.9862976074219,196.3072052001953
535.7079467773438,610.4457244873047,291.6837158203125,193.96688842773438
567.5737152099609,593.0818099975586,289.0146179199219,193.59584045410156
582.0407409667969,588.3881530761719,286.3223876953125,190.82635498046875
595.0718994140625,582.9422454833984,286.08575439453125,191.45297241210938
595.2204895019531,580.2268676757812,277.446533203125,193.17022705078125
567.7058410644531,580.1205749511719,289.595703125,194.85516357421875
543.135009765625,582.0113677978516,292.009765625,197.02853393554688
513.6676025390625,595.6592254638672,291.25848388671875,196.57772827148438
483.64585876464844,604.6219863891602,296.0871887207031,199.48619079589844
442.98338317871094,609.5227661132812,296.2737731933594,201.80560302734375
409.32029724121094,607.8505859375,298.8046569824219,202.82281494140625
362.714599609375,607.1585083007812,304.19244384765625,206.34307861328125
338.79621887207026,608.8511428833008,307.6794738769532,207.9834442138672
311.88459777832026,611.8675765991211,311.31283569335943,210.91322326660156
295.0702819824219,618.3153457641602,312.54693603515625,210.34410095214844
289.31593322753906,632.7746276855469,314.5063171386719,211.294677734375
293.495361328125,649.3734741210938,312.072021484375,212.96942138671875
290.11328125,681.7839050292969,315.4798583984375,214.6082763671875
291.6554412841797,707.3574066162109,314.6472473144531,216.17782592773438
280.3320770263672,741.2405014038086,318.1678771972656,222.63648986816406
278.10691833496094,771.3955612182617,318.9890441894531,221.7926788330078
274.4468078613281,787.7350769042969,320.96160888671875,219.8511962890625
282.58941650390625,792.0606536865234,318.54443359375,221.66989135742188
294.95082092285156,793.8602752685547,317.5566101074219,219.65621948242188
313.0040740966797,773.987434387207,315.4284973144531,216.7360076904297
335.6677703857422,741.9396209716797,309.1878967285156,209.15921020507812
345.03755187988276,723.6992950439453,311.19296264648443,211.03170776367188
356.06719970703125,694.219596862793,307.86376953125,204.48866271972656
376.1070098876953,657.5712203979492,303.7577819824219,202.24513244628906
381.8429870605469,635.0885162353516,305.6163330078125,201.95272827148438
384.1762390136719,616.6883239746094,305.62066650390625,203.403564453125
382.5514373779297,593.0624389648438,306.8636169433594,199.8212890625
385.4285430908203,573.8533172607422,304.7597961425781,200.45455932617188
385.4701385498047,559.677619934082,305.7050476074219,198.6416473388672
388.2127227783203,540.7489624023438,304.2699890136719,199.59161376953125
387.2180938720703,529.2454528808594,303.0483703613281,199.07513427734375
390.9951629638672,527.6916046142578,301.0369567871094,200.55874633789062
406.1875457763672,520.7076644897461,302.6820983886719,199.43690490722656
416.2499694824219,523.6649475097656,298.05816650390625,200.73468017578125
442.56182861328125,529.9372177124023,296.6070556640625,200.88172912597656
467.46142578125,535.9395904541016,294.19580078125,198.76589965820312
488.80430603027344,538.972412109375,292.6048889160156,197.50604248046875
472.09423828125,567.9821319580078,299.385498046875,195.15353393554688
551.9397735595703,554.3171463012695,291.5340270996094,189.82774353027344
555.8192443847656,555.8781204223633,287.74322509765625,191.6390838623047
570.4726104736328,562.4605407714844,288.8545227050781,191.45367431640625
572.607421875,568.266227722168,287.35833740234375,188.88502502441406
582.3463745117188,566.6591033935547,287.48431396484375,188.92355346679688
595.0408477783203,564.9111480712891,286.8024597167969,189.23367309570312
610.8646850585938,559.8098297119141,284.9027099609375,187.96060180664062
626.5139312744141,554.3044891357422,283.4344177246094,187.03860473632812
651.6269226074219,537.1391067504883,287.9864501953125,186.1683807373047
664.0085906982422,526.6858215332031,284.1065979003906,184.8638916015625
671.086669921875,518.8600463867188,284.0753173828125,185.574462890625
672.2591094970703,520.2918548583984,281.6441955566406,185.66519165039062
660.4621124267578,523.5103454589844,284.7489318847656,186.4093017578125
631.1114807128906,532.9068298339844,289.56256103515625,188.705078125
609.0220947265625,537.4619674682617,288.36309814453125,189.30372619628906
587.7187652587891,537.2663879394531,288.9531555175781,192.0396728515625
570.3443908691406,534.0770874023438,288.19586181640625,191.96490478515625
549.917724609375,531.5046920776367,291.09478759765625,192.3073272705078
529.2233428955078,531.8936767578125,291.4275207519531,193.607421875
512.4664459228516,533.7917327880859,291.4319763183594,195.70687866210938
487.74595642089844,537.7641983032227,295.6449279785156,198.8008270263672
474.0096893310547,544.2544555664062,294.3326110839844,197.451904296875
471.10546875,547.15673828125,288.99456787109375,196.88665771484375
460.6971893310547,548.0612716674805,292.5190734863281,199.8792266845703
459.33111572265625,548.1362457275391,287.3304443359375,200.32498168945312
456.6689147949219,548.0843276977539,287.2939453125,201.7778778076172
438.93003845214844,551.4797058105469,297.0094909667969,204.12127685546875
429.7516632080078,551.6574935913086,295.9778137207031,205.3510284423828
410.67576599121094,556.0618362426758,298.4662780761719,207.45274353027344
386.2603759765625,568.9116516113281,301.73211669921875,208.4405517578125
377.0745849609375,576.0127334594727,299.6597900390625,210.04759216308594
343.48388671875,591.4236602783203,306.90594482421875,211.25576782226562
327.65209960937494,602.929069519043,308.5390014648438,209.4463653564453
302.96105957031256,614.1463317871094,312.6138305664062,211.8153076171875
289.2229309082031,619.9657363891602,311.87030029296875,215.13487243652344
253.77230834960938,628.165901184082,315.23797607421875,217.3135223388672
227.95372009277344,636.483512878418,319.9609069824219,221.2530059814453
204.62744140625,641.691276550293,322.63006591796875,224.1759796142578
153.51605224609375,653.5911254882812,330.67864990234375,226.53472900390625
139.95411682128906,659.4221420288086,332.0522766113281,229.44752502441406
114.91011047363281,667.6419677734375,336.5311584472656,232.61273193359375
87.50346374511719,677.2486190795898,343.0154724121094,236.03260803222656
70.4423828125,685.1512069702148,346.46514892578125,237.23146057128906
64.89170837402344,699.6946029663086,345.2298278808594,239.57716369628906
52.805572509765625,710.3209381103516,346.6263427734375,241.18264770507812
48.09165954589844,718.0309143066406,347.2801208496094,240.357666015625
61.62904357910156,710.2832183837891,346.4432678222656,239.94070434570312
75.73745727539062,703.1259841918945,343.7049560546875,238.4191131591797
95.51481628417969,694.996337890625,342.0986022949219,236.18438720703125
118.12860107421875,688.4045486450195,336.08770751953125,232.5210418701172
136.20713806152344,682.6070861816406,333.4165954589844,230.92529296875
163.17440795898438,674.0688858032227,328.7618408203125,227.77818298339844
189.82534790039062,666.2306365966797,326.5673828125,224.34017944335938
225.00799560546875,652.9721984863281,322.39044189453125,222.4237060546875
253.3546905517578,643.6413040161133,319.2514953613281,218.7667694091797
280.21014404296875,636.2039108276367,314.05804443359375,216.9234161376953
313.7870330810547,626.2892761230469,310.6631774902344,214.7386474609375
338.1180114746094,619.9584197998047,307.274169921875,211.04019165039062
362.5736999511719,615.4674530029297,304.7130126953125,207.41708374023438
376.2040100097656,611.7103042602539,303.029052734375,207.41807556152344
392.5762634277344,604.3029022216797,303.1790771484375,204.69070434570312
407.11427307128906,592.5481567382812,300.6997985839844,203.39764404296875
423.92694091796875,572.1118850708008,300.59600830078125,203.6973114013672
431.07122802734375,566.0869674682617,297.64727783203125,201.84400939941406
438.1253204345703,578.4337387084961,294.4336853027344,203.8419952392578
436.58563232421875,604.5233993530273,298.13360595703125,204.5624542236328
446.69606018066406,653.7631301879883,297.5369567871094,207.07493591308594
457.23390197753906,690.1150131225586,299.6285095214844,207.2387237548828
465.78729248046875,713.054817199707,296.28057861328125,207.35105895996094
476.12611389160156,727.1198577880859,296.2411193847656,206.18087768554688
480.06248474121094,731.9760284423828,295.1737976074219,207.13900756835938
483.5818634033203,734.3617401123047,295.6059265136719,205.11050415039062
480.31275939941406,735.6777954101562,294.8143005371094,204.3841552734375
478.1747283935547,724.1114730834961,296.7917785644531,205.5719757080078
472.9099884033203,694.9886322021484,295.9811706542969,203.33364868164062
474.44004821777344,666.1915512084961,294.7398986816406,199.2880401611328
486.4326934814453,616.5284652709961,293.0813293457031,199.9306182861328
493.37391662597656,588.1204986572266,293.4060974121094,198.10946655273438
497.5709991455078,572.4975204467773,294.1301574707031,197.28785705566406
500.2539520263672,564.4098434448242,290.2592468261719,197.2641143798828
497.54078674316406,551.7952575683594,291.9388122558594,196.52880859375
494.748291015625,539.7052764892578,290.385986328125,197.10018920898438
492.91778564453125,520.8169174194336,292.03173828125,197.9459991455078
497.3375549316406,510.02801513671875,292.3626708984375,197.977783203125
519.7205963134766,490.60083770751953,290.9506530761719,196.3983612060547
546.2525634765625,477.8123245239258,289.6363525390625,195.60874938964844
581.3169097900391,465.61669158935547,288.7129211425781,194.76783752441406
605.0667877197266,456.6879196166992,287.7193298339844,194.7559356689453
632.7451934814453,451.0111389160156,287.9445495605469,192.00543212890625
663.5475006103516,445.81707763671875,287.9644470214844,192.95697021484375
705.8571014404297,437.2389221191406,284.1779479980469,190.983154296875
731.8976287841797,431.51782989501953,285.4791564941406,189.90306091308594
756.9862365722656,430.5265655517578,281.64056396484375,189.82150268554688
805.4826202392578,424.16190338134766,283.4035949707031,186.65061950683594
829.8997344970703,422.7210922241211,285.6640319824219,186.3075714111328
851.0183410644531,421.8610382080078,283.282470703125,184.92672729492188
888.8091583251953,419.14542388916016,287.6993713378906,184.53684997558594
922.5891265869141,417.64041900634766,289.7092590332031,187.00462341308594
960.2412567138672,418.2516555786133,291.0993347167969,181.5738983154297
981.5528564453125,417.5935821533203,287.04718017578125,182.46273803710938
996.3903350830078,418.01873779296875,288.7304992675781,183.322021484375
1021.1005706787109,411.5626754760742,290.1064147949219,179.63819885253906
1042.7068328857422,410.63584899902344,291.0578918457031,181.27731323242188
1058.3084869384766,409.81969451904297,291.9815368652344,183.46485900878906
1057.8865203857422,408.3464813232422,290.4043273925781,184.32870483398438
1026.3399963378906,408.56055450439453,289.40325927734375,182.51597595214844
983.3687896728516,410.7947235107422,288.3579406738281,184.95486450195312
878.2710113525391,427.7913131713867,286.4127502441406,181.80848693847656
787.2048797607422,450.1860122680664,282.5630187988281,184.15330505371094
730.8673553466797,468.41426849365234,284.6001281738281,187.31117248535156
636.8012390136719,508.8643493652344,284.549072265625,191.87744140625
565.6989288330078,537.6739730834961,289.8184509277344,196.2769317626953
471.455322265625,583.0022811889648,296.7132568359375,200.3749542236328
420.0757751464844,610.2225723266602,298.60479736328125,202.4910125732422
378.870849609375,634.9227600097656,302.30706787109375,206.97967529296875
327.50294494628906,657.6603164672852,306.0144348144531,211.5128631591797
292.75891113281244,665.6607666015625,317.0393676757813,215.7567138671875
275.3730010986328,670.8799362182617,315.2572326660156,217.41078186035156
260.9293670654297,671.2816619873047,315.6407775878906,221.49111938476562
242.31375122070312,689.4184112548828,320.64312744140625,220.32577514648438
209.5681915283203,713.591438293457,323.9211120605469,230.60215759277344
195.55809020996094,729.146369934082,326.1743469238281,228.74571228027344
156.25778198242188,755.3615570068359,333.130859375,237.64346313476562
123.09536743164062,773.0790557861328,337.0343017578125,239.18856811523438
91.2606201171875,790.5736618041992,342.94415283203125,243.48036193847656
78.36093139648438,803.0103530883789,342.897216796875,252.1559295654297
62.94093322753906,816.2095794677734,346.5819396972656,252.41909790039062
47.42559814453125,827.2503280639648,350.93450927734375,248.0744171142578
52.58172607421875,819.8291473388672,348.35321044921875,252.15188598632812
84.13203430175781,799.6631164550781,345.5925598144531,246.72576904296875
141.71026611328125,767.2141647338867,330.12530517578125,240.64759826660156
178.8139190673828,750.6076431274414,326.9619445800781,233.7671356201172
246.4368438720703,719.2194061279297,320.4009094238281,225.87332153320312
303.6892547607422,697.7931365966797,308.3495788574219,217.37771606445312
379.9114532470703,666.8525619506836,302.9015197753906,208.2235870361328
429.5687713623047,645.9313507080078,295.4897155761719,205.65792846679688
467.2165069580078,629.7552108764648,295.4863586425781,203.13246154785156
537.5324859619141,607.3616943359375,290.9924621582031,196.52862548828125
609.4872589111328,583.4602737426758,288.2994689941406,192.23631286621094
654.2392883300781,568.0639343261719,283.062255859375,193.14093017578125
728.5665435791016,541.1581497192383,282.0990295410156,185.4602508544922
776.5869598388672,523.9296035766602,283.1198425292969,187.7646942138672
840.3325653076172,500.7718200683594,284.5778503417969,183.79266357421875
887.9071960449219,486.7588119506836,283.79266357421875,185.64466857910156
953.36328125,483.9983901977539,288.04150390625,182.50205993652344
999.5667572021484,493.1384048461914,289.8977966308594,182.0508270263672
1055.1656799316406,503.35291290283203,290.316162109375,183.4340057373047
1098.1103515625,515.6957168579102,295.14263916015625,182.8402557373047
1137.2836303710938,534.2581253051758,298.15997314453125,183.98057556152344
1160.8138580322266,548.5923538208008,300.0239562988281,184.63133239746094
1195.1887969970703,572.3723297119141,304.4642639160156,185.17471313476562
1237.615737915039,588.6832122802734,307.9502258300781,186.43051147460938
1260.9107666015625,597.9939270019531,310.32769775390625,189.76092529296875
1306.7111358642578,607.0024566650391,317.5956115722656,189.55252075195312
1344.8986206054688,612.7096786499023,326.37091064453125,192.36671447753906
1377.1855773925781,619.9489593505859,325.1993408203125,195.08584594726562
1432.9830169677734,648.7515487670898,340.1476745605469,196.9093780517578
1470.899917602539,668.8499526977539,342.4643859863281,198.0489959716797
1503.6417236328125,679.6810073852539,352.96392822265625,202.9882049560547
1527.3605041503906,686.65966796875,356.9842529296875,205.4345703125
1543.9134979248047,695.5560684204102,363.5840759277344,207.6387176513672
1571.4762725830078,698.2248077392578,345.2875061035156,210.76107788085938
1576.8984375,698.9901885986328,341.20013427734375,209.37069702148438
1589.8227996826172,697.6500549316406,327.5668640136719,210.54071044921875
1608.8250122070312,687.9420928955078,306.73699951171875,212.17391967773438
1613.397476196289,675.8092880249023,302.3056945800781,213.6753692626953
1628.2960815429688,661.1910934448242,288.84173583984375,214.05934143066406
1646.9872131347656,650.3019332885742,269.23736572265625,214.1400909423828
1671.6708145141602,641.5851593017578,245.14195251464844,214.35726928710938
1686.7947158813477,630.9584274291992,229.98863220214844,214.2809600830078
1644.116958618164,617.4707717895508,272.4993591308594,211.96531677246094
1607.4345092773438,612.0441436767578,310.5557861328125,207.55795288085938
1513.819091796875,602.114875793457,350.5926513671875,199.85032653808594
1427.4777069091797,595.7749328613281,337.2172546386719,195.03363037109375
1337.1338806152344,592.1340026855469,320.201171875,189.83154296875
1281.9177703857422,589.1543273925781,311.5370788574219,190.73797607421875
1199.7405090332031,590.1295013427734,307.47442626953125,183.49765014648438
1139.5272216796875,594.4620742797852,297.90142822265625,184.0561981201172
1063.3886260986328,600.8995590209961,291.8149719238281,184.0167999267578
1007.7031860351562,605.5029144287109,285.89520263671875,183.31143188476562
976.0302581787109,607.4393920898438,283.8290100097656,182.423583984375
955.4933776855469,609.2884063720703,286.29168701171875,185.66287231445312
946.8098297119141,617.9258422851562,284.8176574707031,184.71636962890625
942.4331970214844,652.0868988037109,282.34698486328125,187.25350952148438
941.7188262939453,705.419303894043,282.3368225097656,188.7429962158203
927.7866516113281,765.6327362060547,286.265869140625,191.18759155273438
927.6053924560547,792.5831604003906,286.3190612792969,190.9107666015625
920.6676330566406,828.1822280883789,286.7391357421875,194.7434539794922
913.7570495605469,840.0421600341797,286.98480224609375,192.09988403320312
912.9402618408203,858.9851303100586,287.7234802246094,193.2661895751953
919.7029266357422,882.8383255004883,289.9222717285156,190.5004119873047
922.3819580078125,907.3785629272461,289.401123046875,166.63294982910156
918.8334350585938,938.8207778930664,293.71923828125,137.7548065185547
922.4388885498047,958.4851837158203,295.4653015136719,118.89999389648438
935.9428405761719,981.8650588989258,293.4034423828125,95.65666198730469
971.9822082519531,1015.8471717834473,245.51934814453125,61.97295379638672
977.1555023193359,1035.5589294433594,213.05984497070312,44.441070556640625
957.2212982177734,1047.4867515563965,199.93344116210938,31.480323791503906
904.1860198974609,1028.0148334503174,230.47764587402344,49.039913177490234
832.0311813354492,993.3396644592285,274.17852783203125,84.1002426147461
763.8782424926758,937.3082885742188,290.5027770996094,141.34036254882812
734.5129165649414,893.1474151611328,291.1390075683594,183.51171875
685.7304916381836,827.0380172729492,288.85858154296875,196.5948944091797
668.306510925293,798.1246795654297,287.7869873046875,194.94256591796875
648.814094543457,764.479248046875,291.1817321777344,192.07888793945312
626.639030456543,737.2862091064453,291.07183837890625,193.608154296875
611.0027847290039,712.2375411987305,289.9208679199219,192.7410125732422
591.4918441772461,680.2642059326172,290.72119140625,187.4498291015625
582.4075241088867,654.8642730712891,290.6343994140625,188.1805419921875
578.9041061401367,625.5955352783203,289.0357666015625,184.00408935546875
574.3647842407227,599.8305358886719,293.4769592285156,186.71823120117188
566.8595504760742,582.4020767211914,292.55120849609375,186.65480041503906
554.167610168457,557.9075622558594,293.2270812988281,185.97091674804688
542.2616958618164,544.4201507568359,293.4187316894531,184.88323974609375
531.6138229370117,543.5321807861328,295.74566650390625,186.48822021484375
520.9768905639648,552.1846313476562,297.225341796875,187.02981567382812
489.0958786010742,575.7720642089844,300.254638671875,186.04660034179688
423.5038375854492,608.994873046875,307.85888671875,191.45138549804688
391.41480255126953,622.1202545166016,310.0907897949219,192.58404541015625
339.6544570922852,645.9273910522461,314.23660278320307,195.3579559326172
291.9393539428711,665.5321884155273,321.44476318359375,197.0917205810547
254.17180633544922,679.7554626464844,330.28155517578125,201.56912231445312
215.21900177001953,702.2464294433594,333.8301696777344,205.36294555664062
181.58869171142578,727.6378021240234,338.8705139160156,210.350830078125
133.71451568603516,761.8695068359375,345.8752136230469,216.89596557617188
111.48249053955078,780.3959808349609,351.0184631347656,221.4580078125
47.62567901611328,823.1774139404297,367.2936096191406,231.6883544921875
2.0335922241210938,844.3628387451172,371.165771484375,229.1326904296875
2.9077529907226562,856.558219909668,331.7983093261719,215.19895935058594
3.0273971557617188,862.9933395385742,291.68780517578125,209.97935485839844
0.5601119995117188,872.17138671875,283.307373046875,202.73519897460938
0.15341949462890625,879.8647689819336,277.1641540527344,193.86546325683594
2.0180435180664062,887.1108627319336,286.8486633300781,187.8300018310547
1.6889114379882244,886.2865905761719,295.1789245605469,188.68453979492188
1.409111022949162,868.7657012939453,343.4798583984375,207.32855224609375
2.9036026000975994,849.7788619995117,370.0892639160156,226.24497985839844
65.12111663818354,800.0240097045898,359.52459716796875,223.7606658935547
106.9693984985351,761.3826217651367,351.6616516113281,219.44224548339844
167.0337295532226,706.8126602172852,340.5354309082031,212.6171417236328
211.64087677001947,661.5528945922852,333.03292846679693,205.0167999267578
243.56230926513672,634.2048187255859,327.94775390625,199.358642578125
264.2388381958008,618.5543975830078,324.3030700683594,198.658447265625
289.23912811279297,598.8407440185547,320.9530029296875,196.000244140625
304.81363677978516,578.5112609863281,318.4470520019531,196.82974243164062
322.0921249389648,558.4854431152344,317.0136108398438,195.62680053710938
361.8106002807617,536.4733657836914,313.466552734375,195.5387725830078
395.5519485473633,534.9314575195312,313.1537780761719,191.29159545898438
449.41345977783203,535.6825332641602,301.7850036621094,189.84742736816406
510.7515335083008,531.6775894165039,297.1532897949219,188.0011749267578
559.8451461791992,523.6143798828125,293.7431640625,187.13650512695312
602.2133865356445,512.450927734375,292.6273498535156,184.36679077148438
630.9543380737305,498.43970489501953,291.0198974609375,182.7768096923828
652.9272384643555,486.8500671386719,288.29302978515625,180.82235717773438
670.2632675170898,481.5051574707031,287.20660400390625,180.42312622070312
692.4831771850586,479.2537155151367,285.34771728515625,180.77122497558594
713.7854537963867,467.3761749267578,286.78082275390625,178.65185546875
737.1935195922852,447.7031936645508,287.0930480957031,179.4403839111328
755.8083267211914,442.3869094848633,284.4630432128906,179.2849884033203
782.0778427124023,440.0196533203125,287.58428955078125,178.99685668945312
806.6128311157227,443.1830520629883,284.9471740722656,180.02125549316406
838.1567001342773,447.8964080810547,287.091552734375,180.2269287109375
878.1842727661133,446.9226379394531,286.5885314941406,177.75759887695312
917.6979751586914,440.79071044921875,286.8578796386719,178.50088500976562
952.7143173217773,438.03601837158203,286.95733642578125,178.78578186035156
996.2855606079102,436.7122344970703,288.5132751464844,180.54193115234375
1018.3362045288086,436.9571304321289,288.149169921875,182.3020782470703
1044.2555770874023,437.2538528442383,290.33282470703125,182.6104278564453
1061.5783615112305,438.4454650878906,285.92291259765625,185.32192993164062
1057.1057205200195,442.3640823364258,286.7789001464844,183.5144805908203
1042.3298568725586,448.68231201171875,286.9034423828125,182.76980590820312
1008.5059280395508,456.8679656982422,286.0171203613281,181.65203857421875
951.0028762817383,464.46537017822266,284.6874084472656,179.9207305908203
919.6355819702148,469.4458312988281,284.31658935546875,181.18600463867188
871.4077835083008,475.0486602783203,283.6571350097656,179.90924072265625
828.300178527832,480.0482864379883,281.7464294433594,180.01698303222656
793.8408432006836,484.1352310180664,283.5469970703125,180.7741241455078
752.2154159545898,496.53121185302734,285.25469970703125,181.0793914794922
728.0481643676758,511.66766357421875,284.9673767089844,182.02774047851562
694.2805404663086,549.9305648803711,285.20172119140625,181.7850799560547
676.4137344360352,583.2938461303711,287.2264709472656,185.25938415527344
655.7979354858398,623.5714950561523,288.79461669921875,187.1495819091797
638.5469741821289,658.87548828125,288.5769348144531,189.05703735351562
627.5517501831055,699.5144805908203,287.61529541015625,192.430419921875
617.5557174682617,730.0666656494141,288.12969970703125,194.75726318359375
601.5867691040039,764.6453018188477,291.3243713378906,195.01942443847656
593.4587173461914,801.2745361328125,291.6501770019531,199.29354858398438
583.7707443237305,833.187370300293,296.47796630859375,200.27647399902344
581.4144668579102,853.9371719360352,296.2481384277344,200.54615783691406
585.8330459594727,886.6587677001953,295.4403991699219,192.69244384765625
584.4416885375977,926.3052139282227,297.4111022949219,150.13124084472656
584.739860534668,949.7462310791016,301.21588134765625,127.94189453125
586.322624206543,972.3036308288574,294.9300537109375,104.05976104736328
601.334358215332,999.7073669433594,269.2743225097656,77.24136352539062
633.2906341552734,1026.7043895721436,226.62330627441406,53.295610427856445
641.5402984619141,1043.772988319397,215.6488494873047,34.35683822631836
639.6416015625,1036.5108041763306,226.4225616455078,41.8918571472168
589.3677444458008,1007.0530462265015,274.9695739746094,72.94695377349854
542.765266418457,952.3575778007507,290.2877197265625,127.64242219924927
511.30420684814453,905.5182816982269,303.0557861328125,170.59640502929688
505.71610260009766,866.9274537563324,304.4227294921875,201.8547821044922
501.0438919067383,797.3376710414886,297.87255859375,198.7080535888672
500.49671173095703,752.834230184555,299.09722900390625,194.33377075195312
511.4226760864258,710.9780595302582,298.65777587890625,189.90615844726562
521.5411911010742,687.7185227870941,296.6327209472656,186.35162353515625
530.5404281616211,663.2643830776215,295.6581726074219,185.00502014160156
539.1970138549805,632.8641984462738,293.4371032714844,182.87045288085938
546.3705673217773,595.8207337856293,293.6997375488281,182.0782928466797
558.8657302856445,571.2723481655121,292.32275390625,182.3361358642578
574.6041030883789,545.1001298427582,292.01165771484375,180.11239624023438
593.9785995483398,531.620477437973,286.1648864746094,180.57810974121094
623.2244338989258,523.0565736293793,289.56463623046875,178.07090759277344
661.1530532836914,521.4398286342621,291.10888671875,178.4451446533203
708.7758865356445,525.243768453598,286.00531005859375,180.4297332763672
748.7214889526367,531.4873368740082,286.8976135253906,179.47567749023438
783.288200378418,544.2038056850433,284.1360168457031,180.48146057128906
826.8427810668945,555.5453126430511,283.8492431640625,180.04051208496094
866.2906723022461,561.7196519374847,287.1036071777344,179.83441162109375
903.3596115112305,564.3798463344574,285.6192321777344,183.0671844482422
940.6411666870117,566.4014604091644,286.2422790527344,181.43612670898438
978.5437850952148,569.9989564418793,285.3638000488281,183.71458435058594
1008.7802963256836,576.6601274013519,286.4413146972656,185.00241088867188
1023.8879623413086,579.22412276268,287.4203796386719,184.10440063476562
1061.2178573608398,592.4141557216644,286.9640197753906,184.89993286132812
1074.4088668823242,598.2531907558441,289.3810729980469,185.38824462890625
1132.8612747192383,620.8641831874847,292.54180908203125,185.7933349609375
1174.497169494629,642.3250367641449,294.4844970703125,187.99412536621094
1216.8849868774414,668.6819093227386,299.5499267578125,191.3116912841797
1245.5183029174805,685.7581956386566,303.7454528808594,193.02923583984375
1271.091423034668,695.7062623500824,306.6799621582031,197.0989227294922
1277.4597702026367,702.2425401210785,309.7958679199219,197.8687744140625
1263.4770278930664,700.8293702602386,305.08050537109375,197.07786560058594
1240.521873474121,698.0443360805511,305.5680236816406,194.8031463623047
1198.7798385620117,686.4840180873871,302.1732482910156,193.8847198486328
1153.3371963500977,672.5424592494965,296.08355712890625,190.32875061035156
1112.529670715332,659.4661576747894,293.27215576171875,187.89944458007812
1065.3608474731445,642.6651093959808,286.28790283203125,185.5943145751953
1028.6777572631836,630.7527711391449,289.2239685058594,183.79429626464844
987.7920761108398,622.3609025478363,281.8003845214844,184.29019165039062
944.3393630981445,624.2344987392426,281.97015380859375,180.60104370117188
903.0944137573242,644.9695298671722,284.3321838378906,180.26025390625
874.9750595092773,678.9972932338715,286.1762390136719,185.4251251220703
844.336540222168,724.7521760463715,286.4209289550781,181.69642639160156
842.903678894043,773.4404618740082,283.9281921386719,189.32614135742188
840.1140518188477,822.7194917201996,285.7633056640625,192.14662170410156
842.8971939086914,895.8546159267426,288.8682861328125,181.04568481445312
832.1415786743164,920.5543611049652,291.3531494140625,155.05909729003906
818.0612564086914,935.3803956508636,293.88604736328125,137.9580535888672
807.8704452514648,952.6980073451996,289.3562927246094,123.67604064941406
802.9257431030273,970.9221284389496,289.5207824707031,105.81941223144531
807.8823928833008,978.9624497890472,280.39373779296875,97.227783203125
809.5253677368164,993.84814620018,271.71746826171875,83.31619262695312
820.0090255737305,1015.0013349056244,256.5918884277344,61.41899490356445
834.4331283569336,1031.658485174179,229.01239013671875,48.34151482582092
853.0988159179688,1043.311204791069,210.76356506347656,35.01724624633789
877.2437515258789,1052.7565611600876,181.30645751953125,25.514808654785156
826.8474960327148,1013.8142107725143,247.54116821289062,63.231998443603516
774.9582748413086,940.3991049528122,296.4029541015625,139.03395080566406
761.7284774780273,874.0805243253708,286.7421875,196.59426879882812
741.3940353393555,785.5844458341599,288.50323486328125,188.81298828125
730.316780090332,743.8971899747849,286.0722961425781,187.21832275390625
717.5728530883789,682.3269842863083,282.4505310058594,186.71212768554688
720.6254806518555,647.3471335172653,282.96295166015625,180.49012756347656
727.518440246582,616.8866842985153,281.5350036621094,179.63722229003906
724.8880386352539,589.0184897184372,282.8703308105469,182.0746612548828
728.8940505981445,550.0476797819138,278.5142517089844,178.84019470214844
721.4796371459961,521.0224341154099,280.4781494140625,179.77593994140625
718.9757308959961,505.0250052213669,284.7789306640625,180.97080993652344
718.6191787719727,492.46811282634735,281.8445129394531,183.73779296875
704.5591354370117,499.23440158367157,285.26959228515625,181.38673400878906
680.4485397338867,504.3711737394333,286.02294921875,182.25100708007812
658.8461990356445,509.51948153972626,286.7789001464844,182.79893493652344
626.6932907104492,517.0200155973434,288.937744140625,181.4555206298828
609.1619644165039,526.7447088956833,289.1307067871094,183.12228393554688
588.5751113891602,537.987438082695,290.2059020996094,185.8485565185547
560.9545364379883,555.0865896940231,291.5167541503906,188.7325897216797
525.8028335571289,582.0021704435349,292.3001403808594,185.667236328125
498.90514373779297,599.1121176481247,295.72283935546875,190.41517639160156
461.72159576416016,613.0753439664841,299.6741027832031,192.32179260253906
434.55875396728516,623.1074179410934,302.6577453613281,194.4732208251953
396.3722457885742,638.5524100065231,304.202392578125,196.9664764404297
349.118034362793,665.0922125577927,310.7658081054687,197.97268676757812
320.62659454345703,679.7933386564255,315.6906433105469,204.610595703125
272.58307647705084,701.4305304288864,320.9397888183593,206.30349731445312
258.6341323852539,709.8464087247849,323.2946472167969,206.92095947265625
264.6958541870117,711.463397860527,322.99774169921875,208.87570190429688
298.75569915771484,708.2952383756638,318.816650390625,204.33702087402344
347.79146575927734,704.9128683805466,311.5391845703125,201.88160705566406
399.03821563720703,702.260257601738,306.1562805175781,198.7911376953125
481.3587875366211,703.2007788419724,298.86376953125,192.3280029296875
531.7002487182617,710.3893698453903,295.53668212890625,192.6139678955078
581.057243347168,725.3683584928513,290.39801025390625,191.63438415527344
613.887809753418,741.0390967130661,291.67657470703125,191.5914306640625
654.6886520385742,753.217548251152,289.24615478515625,189.20443725585938
703.6523361206055,760.5452460050583,287.24578857421875,187.45767211914062
743.689826965332,771.9225882291794,285.5090026855469,187.31541442871094
758.2352828979492,784.5307272672653,285.63067626953125,187.4837188720703
760.1880569458008,802.458743929863,286.7065734863281,187.589599609375
753.716926574707,824.463252902031,288.0915832519531,189.68983459472656
751.3988876342773,855.0419577360153,290.50469970703125,198.8596954345703
751.8608016967773,892.8727301359177,297.088134765625,187.12726986408234
772.8586959838867,950.2456035017967,291.99017333984375,124.70470428466797
793.4592819213867,994.5543231368065,280.2325439453125,82.14396667480469
827.3696823120117,1033.7626227736473,211.77154541015625,46.23737722635269
760.8235092163086,966.7440890967846,245.15292358398438,112.57620239257812
760.2557754516602,939.6289004981518,254.1795654296875,135.26934814453125
725.888053894043,934.4019794166088,329.5470886230469,140.23435974121094
804.5862121582031,1023.8383807837963,249.1634063720703,56.16161921620369
764.8606491088867,989.1927537769079,282.0732727050781,89.3155746459961
741.508430480957,913.6520395129919,293.9522705078125,165.42910766601562
743.9607467651367,842.5359582751989,287.1585388183594,194.05177307128906
752.5534896850586,788.6670007556677,284.7795715332031,189.7697296142578
756.726188659668,736.9231424182653,285.6753845214844,188.9833984375
774.7062759399414,680.3685617297888,283.107421875,183.20523071289062
787.8809432983398,650.4534768909216,284.1677551269531,177.96978759765625
801.7870254516602,620.8253488391638,284.008544921875,178.49618530273438
806.2395095825195,595.4077081531286,284.6953125,179.38450622558594
811.629264831543,559.1179590076208,279.9360046386719,177.41395568847656
807.7396774291992,541.5698175281286,281.2233581542969,181.61668395996094
803.6318740844727,523.6635675281286,283.04510498046875,180.2111053466797
816.4363174438477,507.7234201282263,282.064208984375,178.24313354492188
822.1413955688477,496.3390970081091,283.01513671875,181.5313720703125
822.633186340332,490.85292910039425,281.3760986328125,180.09678649902344
816.9398422241211,492.52130983769894,283.3476257324219,181.4917755126953
804.5806198120117,493.2813119739294,281.9585266113281,180.16555786132812
782.1849594116211,494.59294222295284,285.3061828613281,181.57843017578125
761.0231094360352,496.6625375598669,284.5303955078125,181.28408813476562
