965.0,513.0,161.0,109.0
961.9068298339844,513.2480125427246,163.79449462890625,107.49225616455078
940.5538711547852,514.6577529907227,164.3558807373047,107.20170593261719
930.118766784668,514.6374015808105,163.1615447998047,105.90933990478516
928.4133529663086,513.2123489379883,163.0598602294922,106.49784851074219
927.1348571777344,513.126537322998,161.79275512695312,107.26773834228516
921.5620880126953,512.9615707397461,163.3604736328125,106.16902160644531
854.385612487793,503.314697265625,161.57188415527344,109.22000122070312
838.0656661987305,497.5482368469238,161.3831024169922,108.79210662841797
836.4496078491211,498.5302734375,159.73216247558594,108.17160034179688
841.7820434570312,494.3540840148926,161.27285766601562,108.36504364013672
835.7507934570312,493.076416015625,158.79733276367188,108.18142700195312
823.2319259643555,492.3917579650879,160.4601287841797,107.5173568725586
819.859260559082,494.63777923583984,160.2708282470703,108.00212097167969
818.658805847168,493.67961502075195,159.83653259277344,108.19573211669922
818.5794372558594,495.3332977294922,159.71243286132812,107.99169921875
820.6404800415039,500.92905044555664,160.48829650878906,108.3907699584961
832.3814926147461,523.2224731445312,159.49876403808594,109.90725708007812
836.2889785766602,535.0124816894531,157.0998077392578,108.67373657226562
838.7161254882812,539.9829444885254,158.40304565429688,109.24019622802734
818.1527938842773,525.98291015625,159.4507293701172,111.1373291015625
797.1715927124023,508.1676445007324,160.2599334716797,108.12769317626953
788.4601211547852,454.8118591308594,161.2024383544922,109.07745361328125
752.0152282714844,449.4053153991699,161.77578735351562,108.4358901977539
643.3040161132812,477.7577590942383,162.82757568359375,110.66899108886719
561.4009552001953,515.4300231933594,168.317138671875,109.9833984375
477.1126022338867,567.4992637634277,172.6940155029297,116.12586212158203
531.7569808959961,568.9753112792969,170.83042907714844,112.250244140625
602.9703750610352,567.0415458679199,163.4355010986328,109.2023696899414
705.7161331176758,587.5589714050293,163.82984924316406,110.0655288696289
807.6843414306641,599.0070381164551,160.6068115234375,106.2348861694336
884.2995910644531,596.4684829711914,160.08804321289062,107.13749694824219
968.470588684082,588.7538757324219,162.9424591064453,107.06320190429688
1003.0693283081055,570.6600875854492,162.5919647216797,105.99711608886719
1067.0471420288086,540.5432243347168,163.7076873779297,107.27637481689453
1114.1804122924805,520.9262657165527,163.28611755371094,108.5226821899414
1154.837028503418,515.6532287597656,168.8440399169922,108.11782836914062
1169.1354522705078,518.0521774291992,170.84234619140625,108.80119323730469
1154.6544609069824,529.5686836242676,78.19178009033203,86.98314666748047
1031.0084533691406,511.8668022155762,144.79690551757812,79.18225860595703
1139.8674621582031,499.76356506347656,129.53884887695312,108.13101196289062
1102.980697631836,563.9006729125977,167.41433715820312,108.20256042480469
1090.8574829101562,634.2102508544922,167.39532470703125,108.29910278320312
1050.503273010254,674.7797164916992,163.52027893066406,109.98585510253906
1032.3303451538086,697.7282791137695,163.7849884033203,110.60728454589844
1032.8288497924805,704.4771575927734,162.75709533691406,109.09671020507812
1027.214096069336,710.42724609375,163.78591918945312,109.39361572265625
1000.2354507446289,663.4005317687988,161.33323669433594,110.6373519897461
1005.6614837646484,589.4035224914551,162.30404663085938,107.50737762451172
1000.9397430419922,530.9929542541504,158.84701538085938,105.92537689208984
1020.4783248901367,429.6706008911133,162.63966369628906,107.64085388183594
1037.4345397949219,382.90559005737305,165.17218017578125,108.9566421508789
1098.217399597168,349.3926239013672,166.2438507080078,106.86874389648438
1200.1658630371094,345.9604606628418,171.090087890625,109.10379791259766
1320.0797119140625,369.7065544128418,180.1234130859375,113.1144790649414
1421.9426727294922,412.3154716491699,188.93850708007812,113.38358306884766
1556.7289199829102,465.49369049072266,205.07969665527344,120.50907897949219
1634.9466552734375,496.86827850341797,210.14508056640625,122.34205627441406
1735.303077697754,507.7587089538574,181.64634704589844,125.3477554321289
1824.4593925476074,522.2938804626465,94.39371490478516,109.81525421142578
1868.9263000488281,460.23060607910156,51.073699951171875,188.36135864257812
1846.5768127441406,417.23409271240234,73.42318725585938,174.73521423339844
1850.810703277588,529.4635543823242,67.7710189819336,104.00376892089844
1752.8468170166016,509.9065933227539,167.15318298339844,123.64811706542969
1610.7366943359375,494.4432144165039,213.77622985839844,119.99626159667969
1467.0859375,481.4949073791504,191.62562561035156,115.24425506591797
1379.9274520874023,481.17906188964844,186.97592163085938,111.01193237304688
1259.3754119873047,482.6138572692871,177.4799346923828,109.07581329345703
1192.8896408081055,478.8944892883301,169.4757080078125,108.65706634521484
1130.9629440307617,464.58443450927734,171.72232055664062,108.77668762207031
1125.4252853393555,460.69010162353516,168.83413696289062,107.67100524902344
1141.9593353271484,470.55643463134766,171.7145233154297,108.45567321777344
1158.973503112793,528.031566619873,169.21182250976562,108.0682144165039
1187.4582748413086,572.7504997253418,170.50473022460938,109.2192153930664
1200.1934814453125,622.5923042297363,169.7733917236328,109.8048324584961
1180.4388275146484,660.0631332397461,170.44847106933594,109.20210266113281
1162.378303527832,675.6471824645996,167.58148193359375,111.11029815673828
1152.942611694336,691.6265716552734,169.4956512451172,110.39236450195312
1133.8186416625977,725.6811561584473,168.09808349609375,109.26427459716797
1133.0467834472656,756.6334381103516,166.6938018798828,109.33175659179688
1133.779685974121,789.3341445922852,168.08621215820312,111.25926208496094
1122.1211395263672,775.638542175293,167.13328552246094,112.04377746582031
1099.1494903564453,709.9050331115723,168.4705352783203,107.8254623413086
1102.0683822631836,662.2890319824219,168.16290283203125,108.62063598632812
1105.2019805908203,593.9840927124023,165.46070861816406,106.33073425292969
1104.8616409301758,559.1106033325195,166.17800903320312,105.87699890136719
1117.4356002807617,508.31562423706055,168.1470947265625,107.56555938720703
1140.1533660888672,453.04623794555664,169.81117248535156,107.25618743896484
1144.6431427001953,420.0539741516113,171.93605041503906,106.94173431396484
1121.6846160888672,403.6761360168457,173.21836853027344,109.9162826538086
1041.1483917236328,410.1165237426758,166.48707580566406,106.51737976074219
952.9049987792969,414.36839294433594,166.7575225830078,106.75546264648438
830.4681701660156,402.0027275085449,166.40882873535156,108.07965850830078
755.2504043579102,384.2543411254883,164.90017700195312,109.36067199707031
680.245849609375,367.8067398071289,167.3473663330078,110.98960876464844
623.9813842773438,363.1905708312988,167.83668518066406,108.5379867553711
574.3708038330078,367.4243278503418,171.24034118652344,108.85269927978516
537.5451202392578,381.77082443237305,170.3049774169922,109.9322280883789
500.3501892089844,406.3195457458496,172.99879455566406,111.00659942626953
491.68538665771484,423.83730697631836,175.68325805664062,112.25409698486328
540.5015563964844,436.2873344421387,167.82984924316406,107.8199234008789
651.2637557983398,440.05709075927734,164.90274047851562,106.99903869628906
819.8966598510742,444.855655670166,162.92227172851562,105.38591766357422
885.3932113647461,453.13180923461914,159.20687866210938,105.39067840576172
1016.9074630737305,481.37852478027344,163.03475952148438,105.32174682617188
1058.4777908325195,498.3572082519531,168.0882568359375,108.61248779296875
1107.3002548217773,519.0250244140625,168.20736694335938,107.57293701171875
1145.9443130493164,534.8801765441895,170.53021240234375,107.62520599365234
1141.5967330932617,558.7200126647949,164.80868530273438,109.3510513305664
1141.7897872924805,589.0732002258301,165.62515258789062,107.65401458740234
1126.630500793457,624.6309661865234,171.34823608398438,106.51242065429688
1117.7353897094727,638.1167984008789,167.93045043945312,109.22105407714844
1113.3543243408203,645.9839477539062,167.7566680908203,107.101318359375
1114.2570724487305,642.9885444641113,165.56658935546875,107.4414291381836
1116.2407760620117,613.3628768920898,166.91046142578125,106.81187438964844
1120.5014419555664,588.3954963684082,169.28091430664062,105.1220932006836
1139.2095565795898,548.5639686584473,171.09820556640625,107.65276336669922
1146.3655395507812,510.03426361083984,172.1567840576172,107.14268493652344
1152.1112594604492,486.8451728820801,168.5751953125,105.79341888427734
1160.9574279785156,451.7582321166992,171.0671844482422,107.14640808105469
1162.0199890136719,423.09639739990234,170.1862030029297,106.31980895996094
1172.5934600830078,403.54175567626953,171.63063049316406,109.70664978027344
1254.5864562988281,395.0460662841797,177.36766052246094,110.70132446289062
1356.2129135131836,410.0370788574219,182.069091796875,111.95245361328125
1428.3306045532227,426.67089462280273,190.69796752929688,117.01258087158203
1502.2398834228516,439.7721862792969,192.2521514892578,116.53076171875
1590.8050842285156,447.4533042907715,206.37876892089844,118.67487335205078
1597.7554092407227,445.2371253967285,208.00491333007812,119.44548797607422
1546.205192565918,437.9847526550293,206.39691162109375,115.94058990478516
1468.2481384277344,432.74061584472656,193.74391174316406,115.10031127929688
1478.3512496948242,442.494083404541,194.80056762695312,113.92308807373047
1538.5497512817383,471.78736877441406,203.2598876953125,117.12966918945312
1577.1896362304688,504.0784378051758,204.7631378173828,120.03514099121094
1558.7411422729492,529.7987098693848,207.19595336914062,118.89037322998047
1474.7079849243164,517.0049476623535,194.38967895507812,115.15184783935547
1373.936508178711,477.40779876708984,183.24488830566406,111.80372619628906
1263.8533248901367,436.30848693847656,174.55166625976562,110.46304321289062
1182.7779235839844,421.44469451904297,169.0880889892578,110.28315734863281
1160.5771255493164,427.96410369873047,168.22030639648438,108.52668762207031
1184.4862594604492,467.47148513793945,168.393798828125,109.2408676147461
1179.4856033325195,506.314754486084,169.44113159179688,108.93964385986328
1167.7031173706055,538.2187194824219,171.08331298828125,106.7337646484375
1121.8730545043945,566.0052299499512,168.97662353515625,106.9391860961914
1099.682487487793,577.291748046875,169.24102783203125,106.8231201171875
1081.3569793701172,585.2050819396973,169.01441955566406,105.63579559326172
1051.910758972168,586.9419631958008,168.27316284179688,105.38035583496094
1050.4959869384766,565.0565528869629,167.37998962402344,106.1412582397461
1036.9255447387695,511.7711524963379,165.1514892578125,108.03862762451172
1047.3777923583984,466.95337677001953,168.6313934326172,107.28056335449219
1038.993293762207,442.5546417236328,165.1005859375,105.92559814453125
1030.4898376464844,403.3891906738281,164.72325134277344,107.20916748046875
1013.8290100097656,358.9311332702637,166.5828094482422,108.7289810180664
1016.8552398681641,308.2484893798828,168.1977081298828,109.6995849609375
1009.2597579956055,306.4053382873535,166.45074462890625,107.27462005615234
1000.594841003418,306.3792304992676,167.99871826171875,106.87773895263672
997.6197204589844,307.96849822998047,164.36631774902344,108.11412048339844
996.7467803955078,310.6626625061035,165.45179748535156,107.1549301147461
995.6769943237305,319.6278266906738,165.3653564453125,107.50188446044922
945.1363906860352,354.802677154541,167.42184448242188,106.55660247802734
907.7194213867188,390.1831398010254,164.3199920654297,105.35372161865234
843.2825698852539,450.46446228027344,162.7484130859375,106.16357421875
787.1148681640625,475.18975830078125,164.0413360595703,106.85110473632812
748.7717666625977,491.1661071777344,164.13064575195312,107.72952270507812
695.8293609619141,516.1682548522949,165.48255920410156,108.06055450439453
666.7299346923828,532.4701766967773,167.97752380371094,108.20402526855469
617.3355484008789,537.565559387207,167.73626708984375,107.86769104003906
562.1274032592773,519.0901832580566,169.75668334960938,111.43346405029297
520.8761215209961,504.80963134765625,171.42202758789062,110.92010498046875
489.1077346801758,487.3724365234375,170.31414794921875,110.0313720703125
532.285530090332,488.04601287841797,169.14776611328125,109.47303771972656
662.9907150268555,498.1122131347656,161.87393188476562,106.86920166015625
745.431770324707,502.7851257324219,161.68182373046875,106.31317138671875
909.3784027099609,519.0452651977539,159.6621551513672,106.51829528808594
971.2371978759766,527.5655860900879,158.94004821777344,106.13689422607422
1057.5161590576172,549.2301025390625,164.5831756591797,108.2017822265625
1096.7458877563477,573.8821258544922,166.11614990234375,107.40426635742188
1122.4484252929688,588.173225402832,167.4381866455078,108.17124938964844
1134.3330001831055,580.9838752746582,169.67306518554688,106.9901351928711
1158.042366027832,520.1319198608398,166.99835205078125,105.95890808105469
1175.1252365112305,454.7073059082031,172.61434936523438,105.25531005859375
1177.639549255371,380.98226165771484,171.45791625976562,108.47169494628906
1203.271743774414,329.43959045410156,178.37181091308594,108.768310546875
1217.3744354248047,284.77023696899414,181.3603973388672,109.91866302490234
1221.1139068603516,230.25744247436523,182.10301208496094,111.55609893798828
1195.1111450195312,168.87966918945312,184.4579620361328,112.5069580078125
1199.3984146118164,163.43996047973633,179.3883056640625,114.2171859741211
1194.938980102539,168.22360610961914,177.1301727294922,112.74175262451172
1193.6351928710938,182.71910858154297,180.33680725097656,110.62623596191406
1211.8410263061523,257.42290115356445,180.52731323242188,112.21993255615234
1206.117919921875,327.98962783813477,174.1276397705078,107.85326385498047
1173.4105072021484,397.0823287963867,170.9065399169922,107.52900695800781
1165.6840133666992,434.66568756103516,169.76901245117188,106.61796569824219
1123.1882781982422,457.1958885192871,169.7154083251953,106.14026641845703
1116.7592086791992,455.7721977233887,167.47216796875,105.58499908447266
1089.2109909057617,448.7649154663086,164.95352172851562,106.73811340332031
1085.539077758789,453.3990821838379,166.84861755371094,106.36064910888672
1057.237564086914,468.9075012207031,167.31178283691406,106.29046630859375
979.4412002563477,479.7454414367676,161.00421142578125,104.8055648803711
923.2573547363281,487.86419677734375,160.88414001464844,104.50994873046875
891.1498947143555,495.75312423706055,161.3099365234375,104.8086929321289
884.1332168579102,508.66707611083984,160.09579467773438,106.83668518066406
912.8599319458008,520.1285743713379,161.12734985351562,106.23632049560547
921.9389190673828,531.5343208312988,160.17445373535156,105.24568939208984
932.9619369506836,529.6203918457031,162.00225830078125,105.589111328125
941.2799072265625,515.3746070861816,163.1009979248047,106.9832992553711
957.4623336791992,507.87662506103516,161.4765625,106.85035705566406
974.362922668457,532.4881973266602,161.42501831054688,100.85786437988281
979.5910797119141,574.8459396362305,162.97425842285156,102.25859069824219
990.2752151489258,621.8960876464844,162.51211547851562,105.78836059570312
1005.3467330932617,666.0116386413574,161.36407470703125,104.85584259033203
1009.9245681762695,681.5258598327637,160.65524291992188,106.14307403564453
1006.3293685913086,678.6655693054199,158.78173828125,105.28119659423828
1044.2272186279297,634.7907104492188,152.3479766845703,103.70138549804688
1163.6276473999023,595.0748443603516,92.0740966796875,102.7587890625
1247.2188148498535,575.8388633728027,66.90177154541016,70.21558380126953
1330.363784790039,574.4842147827148,68.71153259277344,118.75126647949219
1205.4709396362305,514.1262817382812,324.45489501953125,322.57281494140625
1320.2822723388672,894.5237731933594,251.8208770751953,185.47622680664062
1382.366683959961,917.2427597045898,219.63929748535156,151.32762145996094
1378.538673400879,910.1172332763672,191.61557006835938,158.42498779296875
1391.784324645996,897.4871253967285,128.9381103515625,125.45247650146484
1411.0256080627441,928.2458000183105,115.45597076416016,86.79651641845703
1511.0728912353516,886.4799499511719,110.78492736816406,117.06289672851562
1561.5706176757812,887.1605911254883,132.15635681152344,129.25450134277344
1681.0973777770996,912.261344909668,127.66667938232422,118.75440979003906
1751.1904373168945,919.1690292358398,120.37606811523438,140.6476593017578
1700.4826469421387,914.7710800170898,119.73577117919922,89.53376770019531
1616.4527130126953,868.295295715332,102.77297973632812,93.00364685058594
1503.3275527954102,814.1981010437012,99.03359985351562,90.45777130126953
1504.420742034912,799.8602523803711,76.87102508544922,75.19676208496094
1484.9695854187012,786.6707191467285,77.79988861083984,71.11315155029297
1498.3640251159668,780.8224792480469,65.17852020263672,75.15673828125
1569.4496116638184,791.8015441894531,64.0190658569336,80.096923828125
1627.4261665344238,808.3904914855957,64.55194854736328,71.59722137451172
1702.6781845092773,816.1300811767578,62.95703125,72.65847778320312
1766.5258693695068,834.1405029296875,48.456607818603516,77.24188232421875
1645.4556503295898,755.2296295166016,205.59249877929688,218.32286071777344
1559.802116394043,532.6318588256836,157.79330444335938,365.6849060058594
1655.3454284667969,512.6583786010742,184.75025939941406,482.0754699707031
1627.7253036499023,378.44095611572266,224.78689575195312,459.2811279296875
1697.3626022338867,308.7895278930664,222.63739776611328,418.6712646484375
1592.75443649292,30.922508239746094,327.2455635070801,225.31704711914062
1637.916067123413,28.641639709472656,282.0839328765869,270.3212890625
1644.2410078048706,7.7481536865234375,260.4540710449219,188.1346893310547
1548.1678190231323,4.478340148925724,231.97288513183594,301.4361572265625
1438.5307111740112,4.426322937011662,389.0543518066406,164.82473754882812
1339.4583387374878,5.219650268554574,404.78497314453125,141.30491638183594
1276.2664594650269,2.5098648071288494,220.10000610351562,139.41705322265625
1393.7942152023315,70.87366485595697,161.15411376953125,163.82354736328125
1380.715319633484,57.354873657226506,185.51722717285156,204.5113983154297
1281.6964750289917,6.6729698181151775,199.16893005371094,118.1101303100586
1291.2679014205933,13.397651672363224,191.49952697753906,121.28216552734375
1324.1282224655151,8.41001892089838,201.7530059814453,135.48350524902344
1338.641100883484,11.208862304687443,197.0255889892578,138.71363830566406
1355.4518384933472,13.637504577636662,199.4002685546875,130.74838256835938
1386.0356397628784,7.456733703613224,212.26116943359375,127.943115234375
1535.8313093185425,0,237.91305541992188,120.1814346313476
1615.7865858078003,0.1993865966796875,241.73358154296875,114.08185577392578
1673.5205335617065,1.459747314453125,231.457763671875,109.1697769165039
1694.4286451339722,0,220.9423828125,112.40147399902344
1695.7267026901245,1.0058097839355469,220.1861114501953,115.8507308959961
1660.3001050949097,1.137725830078125,241.28680419921875,128.37681579589844
1602.618800163269,0,234.13201904296875,132.55899047851562
1493.0045347213745,1.5834197998046875,218.6685028076172,123.908203125
1404.3203687667847,1.2811737060546875,211.47698974609375,111.48089599609375
1385.5148267745972,0.8113632202148438,205.37786865234375,103.45396423339844
1352.6955137252808,1.7217330932617188,202.35499572753906,110.41606140136719
1352.2415418624878,2.6870269775390625,206.29229736328125,123.6751708984375
1354.2819318771362,27.14710235595703,188.07052612304688,144.0812530517578
1334.8214445114136,77.7340316772461,182.40623474121094,134.16441345214844
1304.5246839523315,81.44898223876953,195.0556640625,156.01210021972656
1369.917025566101,106.70536041259766,146.90379333496094,159.9761505126953
1370.3599042892456,146.43321228027344,130.78408813476562,145.2626953125
1349.3016157150269,110.9138412475586,233.96719360351562,182.2059783935547
1262.952425956726,155.84465789794922,186.44969177246094,155.7296600341797
1202.6995191574097,183.84725952148438,244.43145751953125,144.51864624023438
1071.7070569992065,246.99270629882812,231.8740234375,273.4974670410156
1135.6635541915894,244.94696044921875,264.9434509277344,282.2438659667969
1169.6696119308472,262.95726013183594,264.28326416015625,279.9630126953125
1257.5527143478394,279.35386657714844,268.2615661621094,283.3485107421875
1593.4332990646362,468.9176483154297,193.27810668945312,447.0123291015625
1587.3830823898315,455.29920959472656,184.5811767578125,532.4392700195312
1611.5193662643433,427.1758270263672,185.29627990722656,549.6580810546875
1634.6415739059448,418.34532165527344,180.64036560058594,605.72314453125
1722.782015800476,422.5682830810547,166.58604431152344,630.4742431640625
1795.1955709457397,435.24937438964844,116.4100570678711,631.2701416015625
1641.2961683273315,260.2890930175781,266.01898193359375,335.5355529785156
1572.3339796066284,0,347.6660203933716,260.34019470214844
1540.617139339447,0,370.7968444824219,264.47420501708984
1475.4265265464783,1.2049598693847656,430.2917175292969,235.9992218017578
1423.9471564292908,18.998409271240234,449.1088562011719,285.3704528808594
1292.3725714683533,6.774921417236328,423.1778259277344,244.9974822998047
1353.8578162193298,9.247753143310547,391.66790771484375,233.87664794921875
1430.769238948822,11.675334930419922,424.9723815917969,267.1544189453125
1493.818036556244,0,414.6277160644531,202.27692794799805
1520.766294002533,0,384.841064453125,218.23519706726074
1543.5061011314392,0,361.4295654296875,223.38058376312256
1558.5854620933533,2.8903727531433105,295.5765075683594,227.79685974121094
1587.5048804283142,0,324.93701171875,215.70027875900269
1559.9785132408142,0,339.32550048828125,210.479572057724
1482.5515570640564,3.8460253477096558,434.5715637207031,200.7679901123047
1348.7681403160095,8.951066851615906,382.1729431152344,191.5024871826172
1273.9510016441345,26.05466639995575,243.36758422851562,195.2529296875
1243.7378363609314,13.885446429252625,198.82351684570312,135.51422119140625
1203.9743857383728,23.750940203666687,196.0005645751953,137.93093872070312
1181.5768027305603,47.89935481548309,185.2948760986328,123.86354064941406
1175.3004965782166,51.3763827085495,172.43885803222656,133.00067138671875
1207.5279746055603,17.74307429790497,134.1237335205078,168.21827697753906
1197.7013564109802,19.870492815971375,123.52178192138672,162.89593505859375
1266.4368872642517,8.3812655210495,223.676513671875,192.77398681640625
1276.82745885849,90.77412593364716,209.65415954589844,232.11668395996094
1274.4569296836853,150.02486598491674,219.59779357910156,206.42745971679688
1305.3163809776306,205.1851824522019,193.01158142089844,170.75209045410156
1389.3446860313416,170.10377681255346,239.0109405517578,195.83995056152344
1530.6030325889587,110.2083529233933,154.76048278808594,227.51007080078125
1532.3436255455017,112.14127528667456,143.08538818359375,204.1060791015625
1489.6363196372986,56.83027827739721,146.67401123046875,201.9676971435547
1310.7416052818298,25.694475054740963,249.63751220703125,201.13401794433594
1555.884686946869,0,176.58047485351562,155.90560328960424
1540.4309668540955,1.448590219020872,225.40716552734375,130.61181640625
1472.110806941986,5.530640542507172,212.54046630859375,111.90962982177734
1337.7998404502869,0.9162759184837341,170.20277404785156,98.95763397216797
1434.2033247947693,0,110.69487762451172,42.23515981435776
1409.7994742393494,0,192.9405975341797,47.280894726514816
1317.5068640708923,0,326.9578552246094,203.60349057614803
1221.7131781578064,414.70094572752714,292.96868896484375,174.41217041015625
942.6230292320251,138.79963957518345,721.4591064453125,724.636474609375
196.92535161972046,0.29423796385526657,429.2143249511719,932.0510864257812
394.33132696151733,13.571398608386517,306.5403137207031,665.8207397460938
458.9406485557556,14.686129443347454,242.62843322753906,343.7861022949219
622.3968482017517,0,153.76498413085938,360.82623564451933
727.1535086631775,6.585038598626909,216.2960968017578,323.4377136230469
740.4789099693298,13.573731835931596,148.74447631835938,330.6812744140625
574.1036734580994,21.087571557611284,177.7715606689453,227.95809936523438
253.11026525497437,8.549676354974565,262.9832458496094,152.8969268798828
451.13795232772827,2.5888380371034714,140.59877014160156,301.9193115234375
306.6988043785095,0,245.95204162597656,285.91273635253316
218.5111746788025,3.9481436889618635,256.6139221191406,295.2997741699219
187.21320104599,0,253.38308715820312,321.1528403442353
157.79127264022827,0,254.94325256347656,342.71777759399265
152.36179113388062,1.3139821807853878,254.20016479492188,359.3252868652344
242.1128363609314,6.307558230590075,240.8770294189453,378.00927734375
383.13287115097046,7.029436282347888,217.3859100341797,397.9856872558594
451.6766104698181,2.9907247344963253,218.95529174804688,404.3763427734375
607.002522945404,4.243776492308825,212.6500244140625,412.4456787109375
679.1813864707947,6.55728357238695,224.67718505859375,418.79241943359375
711.7650961875916,6.92471521301195,226.597412109375,424.39703369140625
757.4352316856384,4.909609011840075,257.95855712890625,435.972412109375
705.3090262413025,0,272.2966613769531,446.9234792510979
665.5853018760681,5.615532960509881,263.4856872558594,456.1053771972656
636.0434012413025,49.413476075744256,252.40274047851562,453.7598571777344
605.4339804649353,74.94449719390832,250.4462890625,445.54327392578125
580.9485144615173,108.4054041763302,248.12962341308594,450.5037841796875
556.8937582969666,124.96091565093957,254.1448974609375,444.57904052734375
532.7010855674744,136.59073742828332,255.20382690429688,443.52215576171875
528.0672812461853,143.32279309234582,263.238037109375,446.42169189453125
555.4369940757751,122.88344677886926,254.2881622314453,460.7933044433594
649.2744498252869,98.98996838531457,260.6739196777344,456.42083740234375
792.7822165489197,547.2316981216427,393.25421142578125,284.6207275390625
1396.8068747520447,611.7317286392208,183.21295166015625,124.74053955078125
1435.5070700645447,610.5760966201779,190.9288330078125,113.59519958496094
1463.1727194786072,566.4360209365841,193.2286376953125,115.34819030761719
1476.434979915619,543.0142222305294,195.06922912597656,114.52735900878906
1488.3891348838806,535.0173998733517,197.44186401367188,115.55762481689453
1495.2921423912048,531.0147868057247,197.1016082763672,116.59678649902344
1505.4238867759705,520.2245493789669,197.19981384277344,114.80030822753906
1503.5457663536072,504.20257290801965,199.3017578125,115.56160736083984
1502.1481070518494,484.53659161529504,198.41036987304688,115.65925598144531
1502.556348323822,475.64925106964074,192.2078399658203,116.05216217041016
1629.8465399742126,470.6623621841427,145.11244201660156,93.749755859375
1581.504964351654,338.0726481338497,229.3272705078125,184.0596160888672
1404.0123801231384,66.15390881500207,417.16650390625,388.41766357421875
1303.9150595664978,60.799141969298944,307.15924072265625,611.8802490234375
1439.4886679649353,101.9642420669552,333.00628662109375,547.0582275390625
1095.1347861289978,37.93045910797082,386.80706787109375,798.0136108398438
1042.1147055625916,53.129952516173944,409.28717041015625,994.4862060546875
1022.5272574424744,118.37128552398644,415.4205627441406,932.4158935546875
493.8117575645447,27.30936535797082,664.2333984375,488.50836181640625
508.54939794540405,20.55637463531457,261.27276611328125,393.52044677734375
525.8537039756775,6.792061891173944,231.24520874023438,396.625244140625
510.0677924156189,3.9213496109005064,245.38185119628906,410.1200866699219
507.57320165634155,5.246300782775506,251.34307861328125,421.4124450683594
509.7383322715759,3.809243287658319,261.217529296875,456.65789794921875
508.5785880088806,19.683312501525506,264.9143371582031,462.2016296386719
506.02322912216187,53.769311036681756,261.8471984863281,455.3053894042969
501.45650243759155,67.1639490982052,257.04388427734375,455.526123046875
494.3298087120056,76.63068493804894,258.3796691894531,450.0546875
487.8300528526306,87.3015223403927,256.8293762207031,451.5189208984375
489.1655173301697,96.95317944488488,261.0606689453125,447.1208801269531
490.7694602012634,95.99225720367394,257.5013427734375,453.7208251953125
483.8867087364197,100.97928723297082,275.3353271484375,450.30914306640625
481.3880515098572,109.83168896636926,277.0712890625,463.3180847167969
453.8241477012634,89.60233410797082,292.8245849609375,663.7542114257812
479.7666220664978,114.92475232086144,335.21258544921875,488.2353515625
504.8665518760681,77.8083125015255,228.35415649414062,489.8516540527344
466.8707251548767,58.39383801422082,255.80943298339844,468.77789306640625
433.8143210411072,20.550179566955194,261.9114990234375,460.7935791015625
425.9075827598572,1.3285151382442564,257.637939453125,443.3805847167969
477.6669211387634,6.229470338439569,222.005126953125,394.01702880859375
492.47437810897827,9.968667115783319,225.6260528564453,366.09088134765625
521.015706539154,7.328225221252069,217.29132080078125,356.22357177734375
576.4844260215759,179.83611401519738,157.4998779296875,316.6219787597656
461.0913290977478,33.229760255431756,314.9443359375,255.09146118164062
451.346143245697,4.584908570861444,182.3396759033203,262.64410400390625
431.6016364097595,1.5013361831661314,215.7845001220703,334.2515563964844
455.22347021102905,2.475503053283319,225.82403564453125,323.6845703125
470.975652217865,2.724770631408319,226.56808471679688,329.9439697265625
480.4934287071228,2.8278132339473814,216.84088134765625,351.0304870605469
530.2354941368103,7.120873536681756,302.67462158203125,314.9382629394531
377.9095664024353,12.434548463439569,701.6058959960938,343.786376953125
501.64204931259155,0,305.79693603515625,296.8667078872677
582.027539730072,14.267582459258847,229.8673858642578,465.1417236328125
543.9395041465759,28.904484314727597,259.5306396484375,449.326904296875
540.8869223594666,35.16493658523541,264.48577880859375,455.5715026855469
539.0434622764587,36.11421637039166,258.1734313964844,453.0133972167969
538.98029088974,29.01729254226666,262.1280212402344,455.5522155761719
537.210629940033,5.013935608672909,236.80662536621094,420.1598815917969
530.1896109580994,5.828754944610409,231.29763793945312,383.8396911621094
520.1273245811462,5.074497742461972,221.36141967773438,345.64300537109375
506.68682622909546,5.730869812774472,216.56419372558594,309.95770263671875
487.0519232749939,1.961094422149472,217.57887268066406,275.52734375
482.97974157333374,1.3476148078917163,226.15835571289062,252.62667846679688
485.9979910850525,2.1544537971495856,227.86740112304688,256.59075927734375
490.5839056968689,5.459538025665211,227.36317443847656,279.50341796875
498.67525243759155,0,227.63970947265625,326.01933722000115
497.98902654647827,1.6148474430083866,229.0492706298828,352.2172546386719
483.6309103965759,9.218805572891199,227.2464599609375,367.64459228515625
464.9768500328064,4.140482208633387,227.93092346191406,390.9891052246094
447.4635214805603,5.247949860000574,256.03607177734375,422.6790771484375
450.6187644004822,6.884821197891199,251.1900634765625,446.21697998046875
50.23802709579468,0,690.4371948242188,391.29850222816464
266.64827489852905,232.29332460041041,793.918212890625,549.7870483398438
263.3399863243103,359.1302081453323,1218.9127197265625,436.11376953125
482.8805136680603,7.615285049629165,912.9915771484375,886.3550415039062
477.0277915000913,0,952.7412109375,809.6407977449414
452.5088095664976,20.721582954502082,1076.6656494140625,959.3751220703125
600.3974814414976,2.6471200638770824,991.9488525390625,1039.3438720703125
712.7383017539978,14.03414398965856,917.7857666015625,1050.740234375
517.8835043907166,99.79952484903356,754.359375,980.2004751509664
459.6093039512634,0,752.6504516601562,849.5540287819385
494.0168967247009,9.250921861672396,608.8135375976562,1013.1698608398438
992.6061911582945,31.947180406594043,902.6544799804688,1011.136474609375
999.7692160606382,0,904.7476196289062,1054.274572984719
1129.8782553672786,0,759.6767578125,1041.948748894703
1189.6205954551692,0,682.1315307617188,1054.6552826504765
1232.658132076263,0,621.9714965820312,1063.3064621260196
1288.1501975059505,13.792025008322298,608.4177856445312,1052.2509765625
1362.6547751426692,169.70166245949417,533.5929565429688,910.2983375405058
1327.0964560508723,53.91705437427834,576.0924072265625,999.5843505859376
1399.6248984336848,84.23770256763783,516.6392822265625,889.3512573242188
1124.5103964805598,136.63885613209095,630.2747802734375,917.2193603515625
7.657063961028598,38.680939872325325,1046.591064453125,671.7555541992188
877.1812338829036,178.6467296672472,599.009033203125,790.48876953125
900.8014731407161,353.8398754192003,476.22802734375,703.1415405273438
799.9438223838802,386.73085137134876,402.7227478027344,406.9775085449219
1011.8316397666927,574.3612911296495,218.58529663085938,159.4287872314453
1124.6811194419856,592.3385402751574,160.0061492919922,106.33439636230469
1191.8604025840755,594.6824466777452,169.6171875,108.20035552978516
1262.108930110931,609.0260364604601,173.75550842285156,109.01409149169922
1296.257497310638,621.7089092326769,173.38629150390625,109.53823852539062
1321.9104971885677,629.8306743693956,177.01553344726562,112.30526733398438
1323.709889888763,626.5238926005968,176.4163818359375,111.00800323486328
1329.4746069908138,597.0676738811144,178.91514587402344,110.92669677734375
1316.6834998130794,561.8954250407824,179.16331481933594,109.76258850097656
1309.3228201866145,523.5229732585558,176.93801879882812,109.24226379394531
1299.9068732261653,467.4543659282335,177.7112579345703,111.46245574951172
1292.1943717002864,461.8555500102648,177.06240844726562,109.48979949951172
1303.434728145599,455.17443581348743,182.72915649414062,111.49723052978516
1304.3907904624934,456.67225762134876,179.2320098876953,109.28167724609375
1302.410802364349,459.2219822002062,178.17288208007812,110.58853912353516
1302.172765254974,459.14561577564564,178.28848266601562,109.1717529296875
1301.6568350791927,457.85576363331165,179.05123901367188,110.03276824951172
1302.3453269004817,452.1079418254503,176.48101806640625,110.40713500976562
1302.0980963706966,446.08213921314564,177.69984436035156,110.4324951171875
1303.1531424522395,432.7554599834093,179.01126098632812,111.03409576416016
1304.1926398277278,421.2009174419054,177.73963928222656,111.84764862060547
1304.1915717124934,403.96362801319447,180.08070373535156,113.3636703491211
1304.7639822959895,388.6753971171984,180.08993530273438,113.09827423095703
1304.4893469810481,372.7194149089464,181.6056365966797,114.30101013183594
1305.2508444786067,359.2610065532335,180.39373779296875,113.44231414794922
1307.2366766929622,356.07806511646595,178.5609893798828,112.55331420898438
1306.847325801849,364.98807640796986,177.83633422851562,112.88008117675781
1308.80572271347,381.1595928264269,176.01866149902344,111.03118896484375
1308.4792761802669,410.14519234424915,176.65916442871094,112.19072723388672
1306.6989874839778,422.4072277141222,175.6144561767578,111.17074584960938
1303.8501791954036,439.0382740092882,176.88616943359375,111.91890716552734
1300.5874228477473,453.368062217296,175.14031982421875,110.55498504638672
1293.122731685638,467.8943683696398,174.89764404296875,111.84032440185547
1290.1053519248958,473.1070682597765,173.97891235351562,110.90595245361328
1291.6970419883723,474.16100426441517,175.3167724609375,109.77189636230469
1277.3093161582942,480.82168312794056,175.37359619140625,110.4700698852539
1247.1486182212825,540.3651096416124,169.9961395263672,111.1164321899414
1256.0261435508723,601.8124134135851,170.64764404296875,111.4356918334961
1253.3825507163997,632.1364910197863,169.8993682861328,110.39996337890625
1253.9547553062434,649.4302875590929,172.37355041503906,109.74675750732422
1254.147748470306,661.1752216411242,170.09767150878906,109.65685272216797
1263.2322592735286,696.1196605754503,172.08026123046875,112.78543090820312
1265.5255103111263,711.0443546367296,171.7609100341797,111.57227325439453
1270.8383002281184,734.3759014201769,174.1584014892578,112.9205322265625
1277.9003577232356,751.0853817058214,175.1949920654297,115.34593200683594
