1166.0,416.0,105.0,43.0
1156.3214149475098,424.26143074035645,104.03543853759766,41.932186126708984
1211.0656051635742,444.1932601928711,104.23904418945312,42.60951232910156
1193.6429252624512,499.7996520996094,102.83792877197266,41.787506103515625
1179.8046875,496.1724109649658,100.243408203125,41.28939437866211
1186.3355865478516,456.90702056884766,103.041748046875,40.63389587402344
1177.2271270751953,410.5864429473877,104.77175903320312,40.99811935424805
1139.730541229248,398.80089950561523,105.73560333251953,41.08094024658203
1112.2154006958008,402.0210838317871,104.19657897949219,41.374000549316406
1069.124210357666,392.8116855621338,104.0173568725586,40.32279586791992
1056.1073989868164,372.64920806884766,102.25392150878906,40.564910888671875
1051.9568328857422,369.63165283203125,103.05406188964844,41.452880859375
1032.082389831543,393.46068954467773,103.04698181152344,40.689186096191406
1020.8495903015137,403.10763359069824,103.96468353271484,41.11105728149414
1040.8603820800781,381.09521102905273,103.71394348144531,39.98870086669922
1071.3818168640137,360.19092750549316,103.64824676513672,40.18439865112305
1092.9819221496582,351.7732906341553,104.55677032470703,40.30716323852539
1116.4816131591797,340.84736251831055,103.70637512207031,40.780372619628906
1137.0247955322266,310.04236030578613,101.53648376464844,40.90200424194336
1159.138313293457,266.8120803833008,103.45907592773438,41.31475830078125
1176.6612091064453,229.33154678344727,102.27842712402344,41.26598358154297
1176.918098449707,217.1942844390869,105.98260498046875,42.195552825927734
1159.3484153747559,227.35379600524902,104.61161041259766,41.873844146728516
1180.2233695983887,285.6580352783203,102.68341827392578,42.02378845214844
1153.5096473693848,327.44337463378906,104.9435043334961,40.57624816894531
1170.9952239990234,342.36774826049805,102.56915283203125,40.740745544433594
1175.1609649658203,300.1391353607178,103.7958984375,40.79848098754883
1179.3505859375,266.3505115509033,103.20059204101562,41.449214935302734
1141.6010704040527,298.17202377319336,104.18401336669922,42.27271270751953
1125.2664184570312,361.1546516418457,103.70014953613281,42.00176239013672
1089.107177734375,432.01444244384766,103.47953796386719,41.61537170410156
1062.035026550293,485.48266410827637,102.39112854003906,40.91989517211914
1051.3615226745605,480.80883598327637,103.57526397705078,40.504764556884766
1062.3339500427246,470.58412742614746,103.8039321899414,40.72706985473633
1072.6724243164062,485.8861598968506,101.2999267578125,40.88176345825195
1078.684970855713,515.2547092437744,101.92333221435547,40.86033248901367
1101.4477882385254,517.6180744171143,101.86788177490234,40.33486557006836
1106.4118194580078,510.9285259246826,102.289794921875,40.723270416259766
1109.139820098877,518.7591743469238,101.98552703857422,40.000389099121094
1113.1391716003418,537.7743434906006,101.7997817993164,41.06550979614258
1131.1550483703613,542.0870914459229,102.19991302490234,40.83030319213867
1145.3451232910156,505.54660987854004,104.2708740234375,39.98820114135742
1070.8717193603516,464.56985664367676,103.93920135498047,40.00568771362305
1102.78466796875,479.12013816833496,102.79192352294922,40.527774810791016
1077.7905769348145,471.75721740722656,104.12307739257812,40.631500244140625
1045.9917373657227,425.6055793762207,101.76126861572266,40.326515197753906
969.2817459106445,354.9498748779297,103.14686584472656,40.09473419189453
1034.0523796081543,332.40497398376465,103.60272979736328,40.76858139038086
1038.9816360473633,261.2891674041748,104.08052062988281,40.5550422668457
1126.219970703125,209.47469902038574,94.54962158203125,41.49783706665039
1136.1073532104492,235.79778289794922,104.12199401855469,41.72166442871094
1055.731216430664,288.49795150756836,80.99547576904297,41.799476623535156
1020.3543510437012,326.8168697357178,101.38163757324219,41.12712478637695
1125.6925201416016,330.0905284881592,75.13013458251953,40.726200103759766
1052.0666313171387,300.793420791626,75.42622375488281,40.554500579833984
1065.931064605713,314.5080375671387,101.7730712890625,41.223670959472656
986.5016593933105,343.3799457550049,89.00933074951172,41.205867767333984
1064.4216690063477,390.78719329833984,87.9217529296875,40.59718322753906
1001.3352279663086,371.65456771850586,90.5392837524414,44.00238800048828
919.3760108947754,337.1551971435547,97.1693115234375,42.29780578613281
917.5719146728516,298.8789482116699,103.1268081665039,39.61188507080078
997.3087730407715,295.5206718444824,99.99961853027344,40.79198455810547
1014.2229690551758,337.17982292175293,103.9522933959961,41.43144607543945
1031.4755859375,405.94790840148926,102.13129425048828,41.6966667175293
1064.2923431396484,484.8989849090576,101.19611358642578,41.7140998840332
1080.4682235717773,504.84568214416504,102.09716033935547,40.47616195678711
1070.5329055786133,510.72221755981445,101.73383331298828,40.67072296142578
1070.2552909851074,506.8153667449951,102.72174072265625,40.5485725402832
1063.6565551757812,493.0196228027344,102.07035064697266,40.1282958984375
1049.117862701416,480.7118949890137,102.11247253417969,41.109291076660156
1037.8078308105469,445.3200931549072,103.71886444091797,40.22774887084961
1038.3378562927246,403.94815254211426,102.27264404296875,39.69126510620117
1044.8096008300781,386.23193550109863,98.60860443115234,40.92594528198242
1036.8869018554688,394.2661876678467,103.70540618896484,41.4941291809082
1056.9556427001953,427.0939769744873,102.2530746459961,40.9708137512207
1053.5582122802734,459.69292640686035,102.8415298461914,40.85213851928711
1060.6186141967773,420.5762710571289,102.47667694091797,39.82420349121094
1077.3619537353516,396.06199645996094,103.38654327392578,40.197662353515625
1115.8625602722168,381.34665298461914,102.44990539550781,41.08336639404297
1150.9840507507324,434.1363296508789,101.20613098144531,41.52482604980469
1126.832462310791,506.2840518951416,102.26036071777344,40.96006393432617
1136.9140357971191,501.4886665344238,103.32582092285156,40.329994201660156
1156.6170501708984,446.11565589904785,103.61666107177734,39.84431076049805
1152.0349044799805,426.8750476837158,103.1528549194336,40.99552536010742
1127.679069519043,441.03332710266113,102.8094253540039,41.46857833862305
1132.2136917114258,467.7927837371826,103.6962661743164,40.27519607543945
1153.4866523742676,461.8421878814697,103.35545349121094,40.63944625854492
1208.3644523620605,429.3906593322754,103.06375122070312,39.975990295410156
1229.7588195800781,377.2853603363037,100.64629364013672,40.35530471801758
1192.7232360839844,347.61574363708496,105.11988067626953,41.89226150512695
1192.4531898498535,400.39281463623047,103.75405883789062,41.40663146972656
1208.0974197387695,479.8899402618408,101.12334442138672,41.60256576538086
1180.0107383728027,503.9932689666748,103.77326965332031,40.824405670166016
1128.9886016845703,508.6418743133545,104.3761978149414,41.435794830322266
1126.25728225708,473.08132553100586,102.76473999023438,40.36914825439453
1133.5951538085938,409.7141418457031,103.14066314697266,41.183990478515625
1118.7713508605957,412.57923126220703,103.73899841308594,41.38929748535156
1093.7913284301758,501.432165145874,102.57970428466797,41.83113479614258
1097.5602684020996,557.3280868530273,101.15278625488281,41.32960510253906
1056.2934036254883,558.5700664520264,103.0765151977539,40.88022232055664
1044.181797027588,556.4883327484131,101.92961120605469,40.76152420043945
1028.418197631836,567.1961803436279,102.23148345947266,40.822391510009766
1046.7675666809082,562.9758853912354,101.481201171875,40.44816207885742
1072.6903076171875,536.24289894104,103.13983917236328,40.3673210144043
1078.3787536621094,506.65656661987305,102.04056549072266,40.501380920410156
1071.2269973754883,478.9989948272705,104.19451141357422,41.09382247924805
1075.1723365783691,473.13455963134766,101.47470092773438,40.86634826660156
1079.896827697754,475.16125679016113,101.33550262451172,40.61245346069336
1103.1272506713867,471.0644283294678,99.57588958740234,40.58096694946289
1125.3185119628906,451.6900634765625,99.59696197509766,40.2723388671875
1114.765151977539,432.8181343078613,103.37923431396484,41.03142547607422
1109.319423675537,429.21482276916504,102.08482360839844,41.19717025756836
1114.422275543213,453.85674476623535,103.72799682617188,39.954769134521484
1152.2353057861328,461.647310256958,104.67072296142578,40.78715133666992
1163.1285781860352,430.7582035064697,101.10933685302734,40.178401947021484
1154.57767868042,409.09094429016113,104.84237670898438,40.47599411010742
1147.2429466247559,404.5267276763916,103.89012145996094,41.125545501708984
1164.0145950317383,394.7078857421875,103.97908782958984,40.84425354003906
1163.3152694702148,395.8965148925781,101.83470916748047,41.07319641113281
1139.7818870544434,417.2954387664795,103.60946655273438,41.63130569458008
1125.7621536254883,421.5039463043213,102.48844146728516,40.69344711303711
1126.7305297851562,375.7362518310547,103.23217010498047,40.53529357910156
1161.1066436767578,359.04393577575684,101.81267547607422,40.35176467895508
1146.8721237182617,354.5932903289795,103.20679473876953,41.31825637817383
1138.7518196105957,343.78182792663574,105.17213439941406,41.295536041259766
1118.985507965088,337.59545516967773,102.17576599121094,41.626731872558594
1122.614013671875,338.9468994140625,102.96282196044922,40.74891662597656
1128.3145217895508,350.83523178100586,102.3697280883789,41.216697692871094
1134.2016792297363,415.6177730560303,101.48991394042969,41.20071792602539
1097.7841796875,511.88439178466797,102.08870697021484,41.708709716796875
1123.6777687072754,542.835901260376,101.32643127441406,40.67818832397461
1155.7844581604004,530.3893947601318,103.32243347167969,40.40956497192383
1161.245891571045,535.6301555633545,102.71539306640625,41.63644790649414
1184.6933555603027,550.6463279724121,101.84735107421875,40.776039123535156
1189.6916999816895,540.9689693450928,104.06874084472656,40.88522720336914
1213.5950546264648,552.0139656066895,103.8376235961914,41.094398498535156
1219.2916564941406,561.2446613311768,105.75164031982422,40.52058029174805
1219.5874633789062,539.6353855133057,102.81713104248047,40.3700065612793
1205.245777130127,527.419511795044,102.75920104980469,41.11208724975586
1158.0851554870605,512.764612197876,100.05952453613281,41.02437973022461
1132.4810638427734,504.2623920440674,103.68001556396484,40.549495697021484
1119.691062927246,474.896333694458,101.54167938232422,40.22451400756836
1115.0971794128418,407.994571685791,102.88668823242188,40.683067321777344
1172.6156883239746,310.7504692077637,103.15420532226562,40.285919189453125
1245.1478958129883,284.7622528076172,101.02631378173828,40.92798614501953
1297.705005645752,285.4214553833008,102.22215270996094,41.295982360839844
1255.4692840576172,292.0552062988281,106.9990005493164,41.79322052001953
1234.9315757751465,318.3368453979492,104.86235046386719,41.95122528076172
1154.0276145935059,367.2051773071289,89.58106231689453,40.66960906982422
1128.8413734436035,372.2750186920166,104.5840835571289,41.24795913696289
1118.3155517578125,350.70445442199707,103.2437744140625,40.31416702270508
1141.8895645141602,320.1459197998047,101.58445739746094,40.651634216308594
1150.2213287353516,288.3338394165039,101.456787109375,40.77259063720703
1172.6742134094238,291.86672592163086,102.82720184326172,41.471343994140625
1114.5375900268555,316.6446723937988,104.90676879882812,41.56950378417969
1101.6390914916992,330.4959030151367,96.3736572265625,41.56342315673828
1046.5617637634277,335.513973236084,103.5484848022461,41.295562744140625
1022.7481689453125,355.62933921813965,101.50067138671875,41.31290817260742
1018.626708984375,385.14000129699707,101.84097290039062,40.83412551879883
1020.9000358581543,385.3775272369385,102.52301788330078,40.66507339477539
1031.9761695861816,384.66670417785645,101.70320892333984,40.2276496887207
1043.3153991699219,395.854097366333,102.40554809570312,40.6877326965332
1022.8616104125977,408.08635330200195,100.87760925292969,41.59922790527344
977.2789649963379,415.0307388305664,102.5323257446289,40.95087432861328
965.0647430419922,418.5036029815674,100.72084045410156,41.0792121887207
920.8213157653809,397.0107765197754,103.62799835205078,40.72724914550781
842.2905006408691,339.36226654052734,81.55070495605469,39.97325897216797
758.4611930847168,348.9153814315796,214.65609741210938,30.03269386291504
772.4670372009277,367.39009857177734,208.337646484375,76.48273468017578
804.9675559997559,402.8436851501465,258.40032958984375,164.315673828125
739.5997276306152,325.49277114868164,345.22821044921875,250.75755310058594
863.9378318786621,431.7423286437988,514.7117919921875,197.25355529785156
820.8552513122559,433.27869033813477,524.4056396484375,252.5758514404297
736.1695823669434,468.56252670288086,301.0513916015625,596.5736083984375
813.6740531921387,403.8255271911621,366.4933776855469,676.1744728088379
847.6658592224121,398.4843883514403,568.28173828125,667.1217651367189
958.9796409606934,446.62687492370605,566.5823974609375,633.373125076294
996.1178855895996,453.9332799911499,521.759521484375,625.9505004882812
979.253963470459,405.6248388290405,547.9695434570312,670.029052734375
964.0586204528809,383.87389278411865,557.5811767578125,691.6779174804688
986.2513999938965,415.14659786224365,564.9241333007812,654.9069213867188
1038.354335784912,435.207724571228,532.22998046875,633.906005859375
923.4252891540527,387.62657833099365,598.5856323242188,670.0548706054688
820.7580528259277,328.7846899032593,528.1183471679688,729.9918212890625
721.107967376709,292.5600805282593,538.0859985351562,784.8702392578125
753.2207908630371,242.5264196395874,575.73876953125,790.9307250976562
796.1033897399902,212.39290523529053,522.3265991210938,801.059326171875
830.5781211853027,219.8550329208374,538.4078979492188,847.0325317382812
825.9154319763184,217.6997594833374,537.0435791015625,830.7861938476562
781.3892478942871,243.98158931732178,551.553955078125,815.3946533203125
753.8113975524902,247.75438594818115,571.5617065429688,809.9132690429688
780.5467491149902,247.26229000091553,527.1830444335938,821.273681640625
818.2010765075684,303.28685665130615,561.3548583984375,761.2609252929688
741.7305564880371,366.1947240829468,564.230712890625,699.7808837890625
772.1319236755371,399.9520788192749,520.82958984375,666.3015747070312
732.8269309997559,376.8275671005249,567.7803955078125,696.0440063476562
809.5961570739746,380.335410118103,591.885986328125,687.934326171875
724.1343650817871,434.0841588973999,591.765380859375,644.8213500976562
574.5766868591309,444.8626317977905,583.0701904296875,635.1373682022095
656.1045188903809,381.2614245414734,559.7230224609375,668.4137573242188
749.8334922790527,317.5233874320984,540.8546752929688,741.5411987304688
750.994441986084,278.90565061569214,538.6948852539062,787.0056762695312
679.4742393493652,290.82654905319214,538.4677124023438,770.6726684570312
719.5272789001465,271.54969358444214,553.4216918945312,795.1233520507812
753.8594017028809,244.91178464889526,558.2396240234375,814.737548828125
703.127986907959,219.69056272506714,623.9668579101562,840.3247680664062
686.0008811950684,229.1242480278015,523.4322509765625,826.5772705078125
690.2081260681152,238.5519518852234,542.8265991210938,831.2943725585938
716.4833641052246,250.76176023483276,536.649169921875,816.38330078125
716.9518394470215,237.01636838912964,566.8074340820312,832.2324829101562
669.8182029724121,224.5734362602234,582.59619140625,829.7518920898438
673.1171531677246,194.94105100631714,579.123779296875,862.0820922851562
659.8677024841309,173.671489238739,594.7269287109375,890.0870361328125
520.0333518981934,153.98051023483276,737.8858642578125,924.21142578125
550.8680381774902,179.07743406295776,737.8463745117188,900.9225659370422
16.08883285522461,238.21004271507263,880.081298828125,821.1949462890625
502.4089012145994,268.0300805568693,573.500244140625,782.2926635742188
425.73843002319313,334.1139733791349,464.5054931640625,715.8363037109375
456.16384506225563,356.7312829494474,579.1895751953125,701.6456298828125
369.33208847045876,359.9278161525724,623.5388793945312,708.4227294921875
317.9139060974119,339.61058592796303,650.458740234375,722.1626586914062
362.1396446228025,312.6647546291349,606.4982299804688,733.1639404296875
388.65056991577126,291.87767577171303,615.7080688476562,765.6284790039062
429.3941307067869,368.08022093772865,589.95947265625,701.599853515625
457.26443099975563,388.2662866115568,575.7100830078125,690.4076538085938
503.05260848999,414.7426049709318,516.5560913085938,654.0006713867188
541.6114006042478,453.88268065452553,491.5220031738281,614.7871704101562
554.1130180358884,496.3183190822599,491.3063659667969,573.0697021484375
563.4128074645994,518.6140344142912,487.26416015625,549.412109375
551.681758880615,463.55605101585365,516.4638061523438,612.712158203125
529.9611473083494,407.55699706077553,476.554931640625,662.8152465820312
725.5945701599119,375.23717284202553,478.75244140625,692.3352661132812
761.5282859802244,348.39259886741615,445.85546875,721.5849609375
773.6928215026853,272.4479272365568,396.2514953613281,777.1151733398438
813.8565940856931,233.32005858421303,366.3333740234375,846.679941415787
921.6230735778806,234.72179687023151,402.9232177734375,841.2734375000001
996.8317832946775,287.06765258312225,417.54779052734375,792.9323474168777
996.2988090515134,346.1666387915611,417.0846862792969,715.95947265625
906.4392204284666,376.0644049048424,477.2909240722656,698.9378662109375
835.4116935729978,435.8066229224205,441.2937316894531,644.0127563476562
848.7636528015134,461.238873898983,420.9755554199219,618.761126101017
818.0839500427244,433.2921359241009,469.8001708984375,646.0502319335938
733.3886985778806,411.42528411746025,538.814453125,663.840576171875
683.6143455505369,420.5164401233196,518.5174560546875,659.4835598766804
730.9953269958494,437.94892440736294,477.2916259765625,642.0510755926371
736.5757560729978,453.47360771149397,455.6859436035156,626.526392288506
746.5789451599119,453.43352016434073,465.0955810546875,617.0692138671875
698.792339324951,425.750475730747,511.7920837402344,654.249524269253
712.0433921813963,409.88424055092037,513.2721557617188,663.5664672851562
658.8745079040525,430.90435163490474,541.8460083007812,649.0956483650953
633.8077049255369,429.69567557331175,531.4364013671875,649.5166625976562
509.5317039489744,407.86404105182737,537.8599853515625,657.165771484375
586.8129844665525,373.5854155635461,533.9795532226562,706.4145844364539
575.3062095642088,337.17039332864806,550.8038940429688,724.67578125
629.4461936950681,293.6339248227887,554.193359375,764.1881713867188
625.681758880615,272.80003200052306,495.89019775390625,801.680908203125
650.6971092224119,272.69685206888244,498.9718017578125,784.3259887695312
660.0675621032713,265.7939895200543,502.25653076171875,795.1976318359375
673.6562156677244,290.39988551614806,519.5797119140625,769.1689453125
668.3578605651853,356.7476943540387,498.4291076660156,707.1857299804688
620.4311790466306,406.02363429544494,506.07177734375,670.0410766601562
719.9448814392088,452.42783961771056,492.04925537109375,623.67724609375
670.31286239624,463.51008449075744,529.6629028320312,616.4899155092426
703.4957542419431,482.0611640715506,465.42626953125,590.5449829101562
718.868511199951,517.4529487395193,496.2569274902344,555.4374389648438
705.5919761657713,539.0791694426443,523.3046264648438,540.9208305573557
675.7861900329588,517.0731540572597,541.3021850585938,562.9268459427403
687.4897117614744,461.92918567120796,518.6734619140625,618.070814328792
713.7284507751463,398.73345269888523,564.7450561523438,659.7376708984375
741.8204917907713,340.21221246451023,557.1420288085938,721.8558349609375
745.5618247985838,316.79949273794773,556.5231323242188,746.8243408203125
700.8859519958494,326.79827203482273,573.0928955078125,745.4344482421875
730.9429283142088,332.1353692027915,552.3712768554688,722.584228515625
746.3301353454588,351.21074762076023,551.6432495117188,711.3067626953125
777.5823631286619,371.75325860708836,539.7178955078125,688.7512817382812
765.7593040466306,401.76555719107273,540.68310546875,663.1077880859375
766.9132652282713,431.341790101229,523.8898315429688,639.180908203125
722.41491317749,430.0330742809165,558.7280883789062,649.072509765625
655.1417808532713,372.4885491344321,609.8663940429688,705.0245971679688
606.188594818115,358.313225648104,586.8623657226562,686.983642578125
625.7923851013181,320.2640618297446,578.48681640625,738.5492553710938
620.9499778747556,309.13189019888523,604.600830078125,735.3304443359375
591.1277427673338,290.8774651500571,609.0348510742188,783.0951538085938
604.7764244079588,297.5847405406821,582.5414428710938,761.4469604492188
627.3111839294431,325.28609552115086,546.297119140625,747.7256469726562
663.8776206970213,337.124260804354,579.1552124023438,734.70068359375
705.7202720642088,315.29268731802586,542.6354370117188,736.0838012695312
716.7284507751463,299.7451409313071,538.0795288085938,757.5477905273438
702.6892967224119,258.0857171031821,572.4483642578125,744.9320678710938
640.1650047302244,250.34172906607273,605.9991455078125,805.3731689453125
582.8492088317869,225.04711236685398,662.5299072265625,809.61962890625
602.4384727478025,229.7210930797446,619.8381958007812,815.2123413085938
475.8415489196775,284.98162164419773,601.8237915039062,778.9522705078125
514.9691734313963,315.4118889781821,606.2028198242188,761.7931518554688
513.2239646911619,336.093499085604,606.0211181640625,721.772216796875
507.36355209350563,354.58062066763523,601.391845703125,699.6248779296875
485.0390586853025,388.885247132479,631.6257934570312,662.5380859375
473.89577865600563,402.3438958141196,626.322509765625,662.3034057617188
540.8664207458494,429.67046441763523,595.3597412109375,637.4517822265625
489.16460800170876,455.2432793590415,608.1659545898438,614.686279296875
554.9114646911619,482.0093010875571,528.9661865234375,581.8715209960938
562.02135848999,482.77910699576023,547.4678344726562,585.4302978515625
654.6528892517088,505.89092340201023,535.2658081054688,571.0440673828125
652.5322837829588,541.715569398104,531.1251831054688,525.880859375
631.822872161865,546.2028435680259,535.6619262695312,533.7971564319741
627.0648765563963,543.9519466863567,554.2753295898438,536.0480533136433
678.1791954040525,543.4061796420065,530.6480102539062,529.3156127929688
720.3601646423338,572.3814298861471,527.9035034179688,507.6185701138529
708.3510093688963,579.0586196061595,530.1188354492188,500.5307922363281
683.0804710388181,576.9757186051829,527.1265869140625,503.0242813948171
675.2358970642088,557.2169547615758,513.5993041992188,522.7830452384242
649.1763267517088,534.9709041386004,552.0287475585938,545.0290958613996
635.8638267517088,523.5235074892221,573.1757202148438,556.4764925107779
692.1936607360838,526.511265463361,561.8590698242188,546.403564453125
700.2099266052244,530.3464400239079,563.8685302734375,547.4746704101562
733.6704978942869,562.9658858246892,518.0484619140625,517.0341141753108
726.7532310485838,572.7312949631258,526.1967163085938,507.26870503687417
721.3137321472166,534.8176738487505,505.2746887207031,545.1823261512495
654.8173484802244,473.17961939507836,553.122802734375,606.8203806049216
710.3641014099119,423.2633936819142,573.107177734375,641.7897949218751
718.8208580017088,442.95464734402367,563.7266235351562,619.5217895507812
663.74840927124,474.48662976589867,567.0358276367188,598.9653930664062
674.7233543395994,509.0227930959768,547.9072265625,561.7197265625
690.2444114685056,529.5560267385549,548.4302978515625,537.8771362304688
738.6278953552244,563.7254450735159,545.212646484375,506.2411804199219
699.7586936950681,566.9139368948049,550.37744140625,513.0860631051951
702.3960533142088,568.6710187403712,546.0653686523438,511.3289812596288
735.9597434997556,569.6930838330762,538.956298828125,505.44671630859386
738.7997093200681,582.894423554756,556.730224609375,490.4266052246094
709.18395614624,576.0512991651076,553.5671997070312,503.12164306640625
661.6482505798338,509.95272738776384,566.0762329101562,568.0291137695312
689.3474693298338,415.52978427252947,576.9458618164062,664.4702157274705
728.4183616638181,339.79833940188973,562.9351806640625,707.32958984375
723.1710777282713,326.950255905796,579.9695434570312,736.1075439453125
732.4500389099119,341.49111894290536,558.25927734375,722.2250366210938
721.1161766052244,358.57571366946786,566.034423828125,695.8317260742188
687.0509605407713,372.04934648196786,591.4819946289062,679.1500854492188
632.367794036865,362.97610429446786,602.7223510742188,710.3788452148438
655.014278411865,321.99380448978036,604.8844604492188,727.3895874023438
691.0510520935056,339.53140214603036,554.8594970703125,737.9142456054688
686.8471946716306,354.00210527103036,585.8443603515625,718.5809936523438
672.9815330505369,386.18948320071786,582.32080078125,678.8546752929688
695.73327255249,377.0983271948585,541.2274780273438,695.5262451171875
691.8979759216306,353.74087480228036,585.2384033203125,712.2059936523438
719.77184677124,378.6106868139991,494.22210693359375,685.8047485351562
711.6530418395994,376.8177180639991,585.06298828125,678.8384399414062
680.7422752380369,396.36608842532723,611.455810546875,663.56298828125
659.7326316833494,384.33340409915536,613.129638671875,687.8414916992188
678.8034324645994,377.50711015384286,582.51904296875,691.0531616210938
674.6306724548338,378.73232988040536,601.1465454101562,692.6444702148438
710.4447898864744,394.73730424563973,562.841064453125,670.97900390625
711.9021568298338,426.32849076907723,589.0293579101562,639.29248046875
694.3991050720213,511.86904863040536,554.8638305664062,551.5634155273438
683.6227378845213,528.394835983921,555.3379516601562,548.2506103515625
662.2092552185056,486.23278764407723,587.1739501953125,593.7672123559228
652.7816429138181,429.43164040406987,584.5338134765625,650.5683595959301
695.9467430114744,395.36526478211306,574.6611328125,673.8468627929689
729.6903343200681,399.4067686883632,534.3912353515625,674.0509643554688
748.2219810485838,387.6030577508632,530.1716918945312,681.1459350585938
731.1644554138181,383.97314442078505,552.5765380859375,677.37548828125
719.4753684997556,389.19616688172255,567.1995849609375,674.703857421875
738.6969261169431,373.4411314813319,539.1971435546875,686.7930297851562
716.7509422302244,357.47521961609755,569.806640625,691.016845703125
736.0463829040525,346.5007933465663,527.4225463867188,701.7147216796875
747.2727928161619,338.02539051453505,538.817626953125,718.2275390625
757.7681541442869,302.3754271356288,523.287353515625,761.3331298828125
810.4338951110838,312.0002745477382,534.3215942382812,740.0248413085938
855.2646751403806,313.66833485047255,530.4031982421875,736.804443359375
858.5487937927244,373.2783812371913,533.654541015625,691.7808837890625
790.4629173278806,450.15026844422255,532.8321533203125,618.701416015625
810.4667015075681,470.25988758484755,481.8741455078125,609.411376953125
834.4409141540525,418.6694945184413,544.0597534179688,650.4805908203125
784.6552085876463,423.03247059266005,579.0049438476562,655.298583984375
741.2968101501463,426.37866199891005,542.6936645507812,653.62133800109
755.0737876892088,398.9484862728925,539.5086059570312,665.369140625
740.3772850036619,363.34143060883,555.2587890625,695.100341796875
756.8342552185056,331.5107116146894,571.5198974609375,712.3540649414062
705.5679588317869,337.15213007172065,556.5205078125,718.0551147460938
741.7591209411619,355.2885131283613,517.40478515625,710.9083251953125
755.9454002380369,337.41516107758,530.96337890625,719.009521484375
741.9974021911619,298.4396666928144,546.353271484375,757.9758911132812
738.7029380798338,292.8338012142988,551.8858032226562,761.2340087890625
745.5582542419431,281.1979979916425,540.3531494140625,775.041259765625
746.3354148864744,282.4181823178144,552.23681640625,771.3062133789062
742.324825286865,311.80471796234565,540.8351440429688,750.3724975585938
749.8958396911619,320.87979120453315,557.5654296875,740.4682006835938
759.688594818115,315.9963378353925,556.2216186523438,745.862548828125
783.1618309020994,303.078491155705,544.391357421875,764.601806640625
806.1090354919431,296.5711059017988,532.8758544921875,766.4615478515625
808.7641563415525,274.8795775814863,531.9584350585938,778.9754638671875
786.167110443115,304.9687499447675,542.5858764648438,752.896728515625
698.1441001892088,322.7607421322675,563.0413208007812,739.0478515625
664.0792808532713,350.0203551693769,544.9876098632812,710.2329711914062
692.6025047302244,394.2123412533613,548.381103515625,661.6270751953125
644.4597129821775,424.25076288422065,544.5573120117188,646.4708862304688
633.7069358825681,388.2428893490644,585.2357177734375,676.5427856445312
656.77087020874,349.2538756771894,564.8251342773438,716.7080688476562
718.6250114440916,376.84927362640815,466.9569396972656,683.2384643554688
876.2748527526853,414.65017694672065,463.7419738769531,651.0302124023438
894.0738792419431,460.76223749359565,450.1715087890625,603.5971069335938
782.1677207946775,503.9374999447675,526.7374877929688,567.091796875
773.30407333374,519.8025512142988,547.6019897460938,552.8883056640625
781.4595603942869,465.13977045258,553.97900390625,610.944091796875
868.37878036499,464.31069940765815,509.02459716796875,615.6893005923419
836.9955711364744,473.5351104460166,544.353759765625,598.3989257812499
692.7804222106931,426.55473324875084,568.54443359375,639.2791137695312
732.8758201599119,342.7237395964071,560.8106689453125,705.6378784179688
735.4196128845213,308.1307525358602,571.7738647460938,743.5592041015625
685.0524559020994,288.8535003385946,604.9766845703125,775.6539916992188
653.2350120544431,276.9779205046102,583.15966796875,782.6090087890625
696.7402915954588,264.2414703092977,594.3497924804688,789.8092041015625
724.7899742126463,250.3017730436727,566.2443237304688,802.1783447265625
893.0757102966306,265.59150693039146,565.41748046875,799.767333984375
798.5373191833494,335.67158505539146,603.5679931640625,710.91552734375
786.5232200622556,428.9957122526571,684.9228515625,637.9113159179688
795.58288192749,476.2182769499227,619.5088500976562,602.9837646484375
796.64684677124,489.8712005339071,624.3096313476562,590.1287994660929
820.9773216247556,460.0136642317973,583.200439453125,614.7181396484375
814.1232872009275,413.9688949446879,600.7747192382812,658.8572387695312
818.5118675231931,349.7685775618754,631.561279296875,690.7559204101562
815.1606712341306,337.39937590171917,622.094970703125,710.6776733398438
782.8307151794431,366.28182219078167,606.709228515625,668.4518432617188
770.3311424255369,381.98873137046917,609.5465087890625,667.7846069335938
759.4147911071775,399.44548796226604,589.4116821289062,668.09619140625
758.2295188903806,348.72615812828167,615.832275390625,704.8917846679688
759.0191001892088,315.19280241539104,610.9589233398438,733.137939453125
756.4463462829588,321.4691085677348,636.5243530273438,738.3702392578125
705.0247154235838,307.6554183821879,663.1119995117188,743.9766235351562
587.82116317749,275.4202804427348,756.4458618164062,786.2242431640625
0,581.5668868880471,897.1077232360835,478.1666259765625
0,700.2695236067971,896.8098430633543,357.2510986328125
0,796.893531785508,825.9840230941771,283.106468214492
627.8162455558775,249.19829177166014,288.0680847167969,814.0136718749999
666.261909008026,224.33769606853514,295.8564453125,813.7249755859374
671.3087382316588,265.5173530509569,348.4355163574219,778.0302124023438
670.4058604240416,269.22749709392565,610.7048950195314,743.2698364257812
664.5061717033386,327.24507521892565,601.5872802734375,736.6550903320312
700.440589427948,364.63484572673815,517.1554565429688,693.2261352539062
710.0672373771667,295.1002387931444,605.3001098632812,750.4664916992188
678.6237559318542,271.6578864982225,644.7022094726562,777.8140869140625
654.5025401115417,276.6905403068163,656.2793579101562,767.525146484375
620.5749888420105,295.921192162285,582.9218139648438,761.1077880859375
598.6160044670105,272.3077888419725,642.0973510742188,768.0208740234375
590.1166453361511,280.02571486736315,627.1466064453125,775.3611450195312
601.3992686271667,314.02766799236315,598.4421997070312,748.6577758789062
583.1373057365417,356.51399611736315,631.6785278320312,691.4773559570312
601.7823252677917,372.3709907462694,611.1497192382812,679.1422729492188
627.239905834198,330.95662307048815,635.7352905273438,723.7417602539062
654.5457835197449,321.7505073478319,585.19775390625,723.0895385742188
712.6256785392761,296.2050056388475,636.3040771484375,727.8350830078125
599.5713877677917,290.70122145916,720.9070434570312,741.8160400390625
618.969886302948,313.2216987540819,673.4779663085938,735.4879760742188
654.5772471427917,340.1464729240038,629.2988891601562,717.762939453125
683.4885325431824,366.2817268302538,602.161376953125,681.860107421875
697.9965586662292,355.666309349785,568.4837036132812,701.1221923828125
714.7150340080261,329.068653099785,625.6656494140625,726.3114013671875
738.5126414299011,354.2057075431444,594.8924560546875,702.3849487304688
738.9712290763855,371.85747145916,512.5223999023438,681.5657958984375
730.859534740448,364.4071540763475,580.0785522460938,697.6256103515625
717.1169199943542,305.7368049552538,630.3506469726562,753.017578125
726.6900706291199,297.5529670646288,630.605712890625,741.971435546875
737.8575510978699,305.0959663322069,594.508056640625,751.6742553710938
752.8978953361511,374.2330512931444,591.1654052734375,668.1618041992188
748.0288462638855,429.0753059318163,603.5814819335938,628.729248046875
758.9439768791199,419.8076057365038,590.636474609375,646.751953125
773.9250864982605,367.6985053947069,631.3598022460938,686.4811401367188
719.6710276603699,319.8363227775194,680.017822265625,743.9203491210938
755.7872385978699,333.6848335197069,512.673095703125,725.1647338867188
749.7577586174011,334.444629662285,604.7410888671875,717.9742431640625
768.2954173088074,320.54463576580065,579.965576171875,735.3164672851562
727.8444285392761,297.43266677166,609.0579833984375,757.0267333984375
669.7205271720886,298.8741645743944,629.2073974609375,768.3256225585938
693.1020884513855,284.3367805411913,582.5309448242188,770.546630859375
610.5618968009949,303.9372749259569,616.939697265625,762.6666870117188
638.1982188224792,372.66060256267565,579.7412719726562,686.4021606445312
594.1897959709167,445.0837593009569,588.7285766601562,620.1371459960938
628.463782787323,456.3295783927538,561.6588745117188,608.44091796875
605.0427012443542,433.4629096915819,560.9082641601562,637.0514526367188
632.3971934318542,377.6712531974413,591.7271118164062,677.98876953125
678.9972605705261,374.5664253165819,567.9525146484375,696.0597534179688
741.2158274650574,410.1786079337694,528.46044921875,664.7594604492188
773.4382395744324,440.0322456290819,539.324462890625,627.5285034179688
733.9274363517761,446.33418654705065,608.1165771484375,630.0779418945312
683.6658701896667,445.62935256267565,588.5618286132812,634.3706474373244
691.5509715080261,444.8573703731347,579.2823486328125,635.1426296268653
738.3322520256042,475.9280137998486,541.9329223632812,598.3016357421874
749.6584544181824,497.877842901411,530.292236328125,577.5780029296875
783.3230967521667,466.50964832133286,533.4790649414062,604.5040893554688
849.6973643302917,502.8688402158641,557.6448364257812,568.3635864257812
825.5390696525574,525.2837572080516,554.680908203125,547.1753540039062
817.6607737541199,530.3889512998485,543.478515625,549.6110487001515
817.1774668693542,497.5919976225805,535.8738403320312,582.4080023774195
881.516761302948,422.3685696120715,571.2672729492188,637.9874267578125
921.3469004631042,369.88071560816525,554.4751586914062,684.21630859375
872.0271372795105,390.95859646754025,606.4479370117188,669.932861328125
828.2052683830261,484.806191682384,528.6175537109375,578.3204345703125
839.9794535636902,550.0212337966418,511.7908630371094,510.1862487792969
818.277991771698,551.1843960280871,532.4801635742188,528.8156039719129
804.6131663322449,535.9418073890436,537.641845703125,544.0581926109564
803.2497935295105,539.9254935382718,568.5809936523438,540.0745064617282
821.1015391349792,539.1784144937453,532.2415161132812,540.8215855062547
781.6807627677917,547.5370832234352,544.6680297851562,532.4629167765648
729.214759349823,517.3092825785145,559.8712768554688,562.6907174214855
714.1836009025574,465.4708339162104,602.92138671875,614.5291660837896
720.1540293693542,414.11139352060513,600.4234008789062,655.7216796875
713.9119639396667,411.18475777841763,586.7991333007812,644.159912109375
742.7483592033386,427.881138393652,576.1380615234375,638.2190551757812
748.7527842521667,424.2597699854489,546.9922485351562,644.6182861328125
799.5068125724792,393.9094281885739,602.9629516601562,686.0905718114261
803.5861887931824,388.36429051030257,557.268798828125,679.7098999023436
836.1642527580261,359.3368552075681,553.0159912109375,691.4122314453125
850.2144236564636,349.7402975903806,545.3511962890625,712.7596435546875
838.834388256073,304.9859030591306,569.3117065429688,746.3258056640625
838.2967295646667,292.6768515454587,578.4929809570312,750.5173950195312
808.0502696037292,328.5814841138181,572.3591918945312,734.2432861328125
810.9332041740417,370.84207371342745,588.7378540039062,683.3517456054688
796.0162119865417,403.49759129155245,593.3660278320312,647.2416381835938
779.386390209198,430.8043845044431,590.8126831054688,625.0269775390625
736.2198557853699,420.60415867436495,577.2822265625,645.2911987304688
745.149573802948,388.8023093091306,578.1122436523438,673.2564697265625
803.7456736564636,458.0819113599118,638.0804443359375,611.108154296875
769.5754160881042,505.3881857739743,601.0764770507812,569.980712890625
732.6531443595886,503.4104025708493,582.6883544921875,576.5895974291507
685.7499766349792,414.32165636354966,612.8225708007812,665.6783436364503
712.495032787323,363.7913823809936,597.5331420898438,686.5074462890625
717.4627757072449,358.29888970521233,588.0732421875,702.664306640625
712.9124217033386,363.74728448060296,572.0906982421875,703.9354858398438
733.2159190177917,333.0775457110717,578.1345825195312,728.0449829101562
714.9673533439636,300.76889092591546,603.0216064453125,762.0243530273438
716.4878611564636,294.45159966614983,589.9564208984375,765.287841796875
682.1410593986511,319.55426079896233,619.7601318359375,753.525390625
708.0246043205261,332.52679497864983,578.5948486328125,731.639404296875
697.6601023674011,370.75766045716546,601.9132080078125,684.8619995117188
711.9365305900574,402.49029595521233,599.413330078125,660.670654296875
735.1718821525574,415.2080388751342,594.900146484375,642.9888305664062
757.5270457267761,368.8806462970092,590.0186767578125,681.4326782226562
766.369056224823,301.57626397279046,598.8060913085938,753.0050659179688
755.127845287323,287.85174615052483,607.6591186523438,761.513916015625
717.3122019767761,332.03814751771233,588.1722412109375,734.807373046875
736.7896494865417,370.80706841614983,604.2539672851562,687.349365234375
742.8647227287292,387.38067681458733,537.9292602539062,685.386962890625
756.3861155509949,310.91522271302483,610.451416015625,731.776611328125
773.528480052948,283.61801201966546,610.2409057617188,772.9240112304688
815.8259959220886,297.7580571856811,589.4273681640625,767.0347900390625
736.8169627189636,350.61956841614983,587.6810302734375,701.611083984375
780.4241404533386,426.76290948060296,552.5460205078125,633.5575561523438
685.669593334198,448.58441216614983,627.4591674804688,627.151123046875
539.7727732658386,497.97213799622796,552.6671142578125,582.027862003772
630.0971446037292,555.6966097695984,538.9773559570312,520.7053833007812
572.8725352287292,462.27815273834835,571.9308471679688,604.9088745117188
575.7738108634949,389.7650301797546,600.9371337890625,654.5852661132812
669.8661875724792,314.96269253327023,596.0902709960938,737.173828125
741.1162486076355,309.0118258340515,558.1072387695312,749.1829833984375
834.239173412323,324.17363003327023,539.1672973632812,723.742919921875
941.4912486076355,351.4856112344421,560.7737426757812,707.8421020507812
859.6095957756042,315.42338589264523,592.8024291992188,740.773193359375
895.2144541740417,302.3924715860046,613.9948120117188,767.5508422851562
880.2478404045105,305.54801968170773,580.6614379882812,756.9677734375
910.630530834198,327.477768216864,549.3662719726562,740.8475341796875
941.1350779533386,332.6643221719421,534.919189453125,714.9404907226562
920.5264353752136,354.54524258209835,536.272216796875,713.6725463867188
927.270667552948,352.9997713906921,551.7793579101562,702.5750122070312
934.8035349845886,346.57328823639523,551.42236328125,696.711181640625
942.5220713615417,288.18132046295773,540.1679077148438,779.910888671875
921.3736338615417,310.9441073281921,543.0145874023438,745.9548950195312
913.1958994865417,360.4370272500671,492.18963623046875,709.4170532226562
880.9652781486511,384.009262357489,555.326416015625,676.2982177734375
842.2202830314636,378.22993496491085,578.992431640625,686.2033081054688
866.5205149650574,378.5313876016296,549.7896728515625,690.4695434570312
879.0192332267761,387.9901278360046,545.889892578125,680.5806274414062
871.3365244865417,387.535629544989,556.8280639648438,680.1097412109375
854.888343334198,387.9361727578796,548.4190063476562,685.2078247070312
836.1495127677917,378.4200289590515,551.6537475585938,684.5374755859375
823.7849192619324,339.63093594147335,561.7977294921875,713.0800170898438
762.1968455314636,254.81346157623898,590.236572265625,807.1744384765625
85.88159894943237,217.3744051797546,1201.86181640625,862.6255948202454
451.71091413497925,232.15009321487742,821.4526977539062,827.3623046875
673.1544871330261,349.4498673847993,566.1173095703125,720.8306274414062
670.4727244377136,482.9430619648774,549.4813232421875,580.165771484375
719.1287608146667,521.3942948750337,501.01910400390625,544.2401123046875
723.0168223381042,508.2236710957368,519.3193969726562,567.0122680664062
722.4480051994324,506.7271195820649,521.082275390625,572.128662109375
695.6409983634949,500.9456254414399,536.084716796875,579.0543745585601
701.644935131073,468.2709389414231,596.6754760742188,610.1139526367188
732.5323252677917,378.50064475196996,574.9133911132812,690.882568359375
765.9179759025574,301.1183510507981,521.743408203125,758.6901245117188
784.1248240470886,274.53992087501683,539.8885498046875,780.9971313476562
776.5141367912292,248.32410056251683,560.7280883789062,813.1338500976562
783.6210398674011,212.20901877540746,566.2320556640625,835.51123046875
776.3366770744324,182.87234885353246,654.755859375,874.1396484375
17.339179515838396,203.2952919687666,1401.2928466796875,876.7047080312334
75.6605906486509,164.5864582402428,1361.5797119140625,881.7625122070312
79.3161082267759,272.65146068164904,1366.1495361328125,785.2951049804688
52.971686840057146,296.9177570683678,1363.5390625,752.6423950195312
133.6608347892759,263.23690990039904,1290.8511962890625,783.5287475585938
212.88733625411942,282.1946735722738,1232.739013671875,758.0678100585938
24.12073469161942,464.61111644336756,1343.913818359375,610.2571411132812
102.50543928146317,535.1706562382894,1261.7486572265625,526.0096435546875
753.2392344474788,481.7107868535238,638.5498657226562,582.8346557617188
829.7569651603694,472.5147114140707,584.461181640625,607.4852885859293
