885.0,330.0,96.0,130.0
833.9537620544434,339.32586669921875,91.57364654541016,128.2169189453125
803.0990676879883,349.4118118286133,87.80509948730469,122.04951477050781
796.0303764343262,347.8473701477051,88.4611587524414,110.52935028076172
807.5117492675781,336.04952239990234,88.27069091796875,109.26274108886719
828.4476089477539,316.6368751525879,87.46687316894531,110.5035629272461
882.1719703674316,292.27767181396484,84.9297103881836,118.92997741699219
954.3722534179688,286.25189208984375,98.28567504882812,144.94216918945312
1019.6111907958984,343.9044189453125,143.5048828125,128.24264526367188
1055.372703552246,402.75391006469727,157.1794891357422,87.87142181396484
1076.7625885009766,424.5172691345215,152.76959228515625,88.2892837524414
1071.9426040649414,405.4827117919922,157.38133239746094,91.42691040039062
1055.611831665039,369.8663330078125,152.67465209960938,100.54940795898438
1008.9551773071289,318.6224937438965,149.5885772705078,96.35550689697266
953.2527618408203,267.58816146850586,141.695556640625,107.30789947509766
896.3365936279297,230.84446716308594,138.93661499023438,112.11587524414062
850.9323234558105,225.74192428588867,111.13260650634766,111.7336196899414
843.2944526672363,236.15985107421875,89.53636932373047,103.513427734375
820.8525238037109,245.53136825561523,99.12039184570312,104.22504425048828
813.6795539855957,257.4131774902344,96.9620590209961,104.99569702148438
781.7113647460938,266.7842788696289,110.53695678710938,106.75910949707031
753.9814949035645,277.9972229003906,114.55852508544922,110.37802124023438
744.4723854064941,296.8827934265137,106.5785140991211,107.87134552001953
741.3084564208984,303.1024513244629,102.1544189453125,111.81575775146484
761.4373626708984,284.9314193725586,92.59634399414062,106.17497253417969
806.3206405639648,253.7375259399414,84.56004333496094,105.01084899902344
848.7904319763184,244.04458618164062,84.97330474853516,112.69076538085938
968.7413597106934,277.33583068847656,118.1149673461914,120.77529907226562
1020.7142028808594,317.8894805908203,137.64382934570312,127.92276000976562
1071.087070465088,379.6632881164551,116.40071868896484,106.5503158569336
1086.362289428711,422.8597602844238,112.9117431640625,108.94039154052734
1073.499813079834,436.28021240234375,112.17850494384766,94.35714721679688
1015.0911254882812,403.2190284729004,114.73770141601562,99.0506820678711
961.8922958374023,387.87027740478516,107.33967590332031,101.58619689941406
881.1050491333008,355.6525230407715,84.31401062011719,116.93521881103516
839.3144264221191,362.1153335571289,77.45540618896484,106.00685119628906
760.8883934020996,393.0238571166992,98.5497055053711,92.99089050292969
743.9848556518555,401.62047958374023,99.43496704101562,92.13114166259766
710.8298797607422,409.7689628601074,97.63166809082031,109.1445083618164
706.6988983154297,411.85326385498047,76.60786437988281,106.87431335449219
734.8022766113281,413.5443687438965,74.67005920410156,112.15595245361328
808.7498207092285,429.94702529907227,80.68122100830078,108.05306243896484
862.556619644165,441.2490653991699,57.314327239990234,107.98480987548828
881.8817844390869,446.4623489379883,58.46969223022461,107.41627502441406
907.336238861084,451.2310905456543,59.08055877685547,110.64017486572266
898.5842552185059,436.5269660949707,70.64910125732422,114.1543197631836
889.7520637512207,426.8042907714844,73.39777374267578,103.6058349609375
885.4011192321777,433.3786201477051,77.89708709716797,88.63741302490234
877.0089225769043,443.44968032836914,77.72832489013672,72.6004867553711
870.791618347168,438.41594314575195,71.41323852539062,71.00350189208984
862.9771881103516,424.20507049560547,80.34867858886719,75.08018493652344
876.2023315429688,406.18993377685547,70.28846740722656,67.11579895019531
916.2294387817383,388.45833587646484,73.87008666992188,67.11595153808594
957.1928596496582,382.7929496765137,70.1803970336914,79.13980865478516
995.6879234313965,393.4799613952637,62.46898651123047,72.38843536376953
1005.5321006774902,397.2399559020996,52.715904235839844,73.3753433227539
991.5783233642578,392.1304054260254,59.10957336425781,76.32967376708984
935.1744194030762,380.4471092224121,71.7052993774414,85.14954376220703
887.9158782958984,371.0724868774414,88.97785949707031,105.46846008300781
846.3840560913086,381.5214424133301,73.43099975585938,100.10588836669922
828.6275863647461,382.0761070251465,90.8912353515625,98.99750518798828
808.1668167114258,383.42766189575195,77.76580810546875,100.21178436279297
798.3817443847656,382.0599060058594,133.86705017089844,80.21646118164062
801.8936080932617,375.7589988708496,134.1778564453125,69.08048248291016
806.7637557983398,375.18019104003906,125.44915771484375,68.965087890625
820.5848236083984,381.31029891967773,94.13099670410156,75.24787139892578
837.9488105773926,381.39734649658203,78.55606842041016,77.88423156738281
849.6414604187012,382.6430358886719,77.38240814208984,81.01651000976562
861.2485656738281,386.59227752685547,78.83406066894531,78.54164123535156
874.1677093505859,385.9951972961426,80.33720397949219,80.32979583740234
888.4127883911133,384.5844306945801,77.8433837890625,77.34606170654297
911.897777557373,387.6147880554199,77.3556137084961,72.70572662353516
934.1040191650391,397.16304779052734,74.62400817871094,69.15901184082031
948.9002876281738,396.38782501220703,72.22254180908203,71.61021423339844
971.3417358398438,402.55981063842773,68.07560729980469,69.7142105102539
988.0470123291016,403.7542610168457,68.02360534667969,72.00444793701172
1016.6369514465332,405.4943962097168,70.1371841430664,72.63565826416016
1048.6767616271973,409.76086044311523,70.46488189697266,74.12183380126953
1078.1374893188477,408.7428092956543,72.10110473632812,75.18274688720703
1101.2037620544434,406.73959732055664,75.60201263427734,77.8376693725586
1125.468017578125,408.3069839477539,73.78092956542969,78.72395324707031
1135.7469291687012,407.22804260253906,72.03484344482422,77.9649658203125
1144.2491455078125,406.70966720581055,70.76548767089844,71.8676528930664
1146.50248336792,407.45964431762695,64.52498626708984,64.70122528076172
1150.6724872589111,409.4896717071533,58.16105270385742,58.90499496459961
1163.877550125122,419.26944732666016,50.13633346557617,50.90263366699219
1167.80659866333,418.4413757324219,40.63599395751953,93.20028686523438
1157.5127391815186,423.17359924316406,48.90675735473633,88.66957092285156
1140.035753250122,428.11853790283203,42.63486862182617,84.39068603515625
1127.2311038970947,428.43655014038086,39.95670700073242,82.0911636352539
1110.0000400543213,429.19823455810547,38.814388275146484,84.7305908203125
1082.0535411834717,429.7423210144043,40.16792678833008,77.35057830810547
1038.1224784851074,432.05420684814453,45.73535919189453,92.29476928710938
1001.6056060791016,429.85389709472656,43.613067626953125,95.84925842285156
977.7679080963135,430.91662979125977,55.975826263427734,91.05347442626953
967.2697677612305,421.49441146850586,54.8402099609375,70.53130340576172
966.316972732544,421.9658851623535,57.665401458740234,65.6629409790039
966.5421085357666,419.5704040527344,59.361446380615234,63.60954284667969
963.5913944244385,417.700532913208,59.6336784362793,63.58051681518555
958.1226215362549,416.20749282836914,60.658016204833984,66.6858139038086
939.6446704864502,427.1006050109863,59.3183708190918,63.69933319091797
927.663257598877,430.2119903564453,59.558143615722656,64.76055908203125
907.1191864013672,430.8728370666504,60.25566101074219,61.859580993652344
887.6488666534424,427.39343452453613,60.727230072021484,61.33614730834961
859.6092910766602,423.49024963378906,55.84625244140625,58.68626403808594
838.0986061096191,427.12914085388184,58.99620819091797,57.414188385009766
805.3185539245605,429.0141487121582,52.599815368652344,57.32288360595703
770.7118873596191,433.64068603515625,52.384239196777344,60.02691650390625
723.9153385162354,459.78483390808105,48.95376205444336,55.337162017822266
684.1137828826904,488.08325576782227,52.07612991333008,53.38109588623047
626.8295516967773,493.282169342041,55.434654235839844,64.68746185302734
608.4672908782959,502.7495422363281,54.48307418823242,57.5823974609375
608.4465103149414,507.65106201171875,52.324119567871094,60.77052307128906
614.1277923583984,511.1343631744385,51.086524963378906,62.35366439819336
635.4353179931641,513.7248458862305,54.160621643066406,64.76020812988281
663.0520534515381,518.1438961029053,53.558956146240234,63.445316314697266
714.486738204956,528.8846702575684,52.25230026245117,66.9168930053711
783.361644744873,542.121753692627,53.34971618652344,69.36164093017578
861.3238716125488,559.3478050231934,58.391937255859375,77.53679656982422
920.79736328125,563.5248489379883,59.45368194580078,63.470916748046875
952.9208679199219,559.079158782959,70.2383804321289,76.49678802490234
958.5271148681641,570.0415534973145,71.87445831298828,75.95844268798828
946.7049293518066,590.8600921630859,74.45965576171875,77.31596374511719
913.3476791381836,597.1961555480957,84.90467071533203,80.2197036743164
862.8952522277832,588.7672805786133,85.51165771484375,83.0223388671875
826.9799613952637,578.9214286804199,78.77693176269531,90.8287582397461
766.4034843444824,569.269416809082,84.94039916992188,89.3583984375
714.4853363037109,564.2646408081055,82.07186126708984,85.74627685546875
660.9000587463379,557.2926368713379,79.33462524414062,89.52167510986328
644.0100059509277,554.8076782226562,69.08918762207031,88.14033508300781
627.1850395202637,552.3692817687988,63.67359924316406,86.01490020751953
631.1439266204834,555.5183982849121,62.968257904052734,80.29875946044922
643.0044631958008,568.275089263916,71.90166473388672,81.8598403930664
665.8060531616211,579.4644584655762,71.37383270263672,87.75389862060547
697.0210876464844,583.105110168457,69.95673370361328,93.34393310546875
728.3588027954102,564.8771362304688,68.37548065185547,119.46083068847656
790.5711307525635,576.6956062316895,62.83382034301758,101.5757827758789
828.6745948791504,577.6467590332031,67.23358154296875,98.15232849121094
907.4342155456543,584.0857276916504,69.32441711425781,99.8318862915039
964.1928253173828,596.447193145752,76.27494049072266,100.1170425415039
996.6651000976562,618.8687362670898,82.2713394165039,89.9752197265625
1000.4966468811035,611.8812942504883,79.6177978515625,87.7327880859375
988.9624099731445,601.3301277160645,80.46562957763672,84.49649810791016
975.3729782104492,572.4751129150391,77.66063690185547,99.86634826660156
960.4195098876953,569.7388572692871,81.1623306274414,92.4024887084961
947.8447456359863,576.3337173461914,73.11883544921875,94.00250244140625
943.3045654296875,568.3300666809082,76.8552017211914,94.78498077392578
923.1929054260254,582.791919708252,76.8460693359375,91.37116241455078
898.329517364502,591.3423194885254,77.92184448242188,92.2116470336914
859.4350318908691,601.4960136413574,82.28024291992188,96.2860336303711
817.9274711608887,610.5638236999512,83.70378112792969,92.35894012451172
777.8313179016113,602.9399490356445,77.06857299804688,103.5943603515625
756.2692832946777,596.6183128356934,74.79527282714844,101.75841522216797
722.2148666381836,576.9527397155762,77.30907440185547,89.8772201538086
704.5195999145508,568.7472152709961,70.03307342529297,97.97906494140625
695.7572937011719,561.6740112304688,70.60700225830078,110.89024353027344
698.9558181762695,561.9840850830078,70.23241424560547,142.50050354003906
707.9646949768066,563.3092651367188,76.72433471679688,96.18446350097656
754.2818641662598,564.3515167236328,74.33181762695312,90.65937805175781
795.1070671081543,567.8351287841797,63.15022277832031,85.02748107910156
823.4542922973633,574.3094520568848,71.68669891357422,96.39667510986328
895.5009841918945,581.843635559082,74.71221160888672,97.49725341796875
942.5488929748535,591.3423957824707,81.98129272460938,91.58390045166016
970.5403366088867,620.8027610778809,86.06005096435547,80.5634994506836
953.7327041625977,631.7081031799316,85.1821517944336,93.22510528564453
930.4715385437012,619.6858100891113,77.30665588378906,87.63105010986328
893.1445579528809,590.484504699707,67.47702026367188,89.98971557617188
893.4541702270508,608.6547927856445,80.46024322509766,84.07412719726562
911.8874931335449,669.1700553894043,74.46084594726562,89.50298309326172
915.1195602416992,761.0924263000488,95.32227325439453,71.8866958618164
917.7903938293457,829.1651725769043,92.43016052246094,65.24974822998047
916.8856315612793,906.2687149047852,97.64862060546875,83.0892333984375
908.6907997131348,966.5185356140137,89.93757629394531,67.6430892944336
889.4290962219238,1002.893726348877,90.13255310058594,74.35675811767578
856.5782165527344,1018.7151679992676,92.8467025756836,61.28483200073242
803.1259117126465,1028.7492694854736,82.32711791992188,49.45768737792969
721.845645904541,1019.860387802124,82.99391174316406,58.705894470214844
697.9603424072266,1008.2537899017334,73.9557113647461,67.84337615966797
677.6808967590332,975.8934001922607,78.04779052734375,83.0440444946289
685.4091873168945,937.755578994751,80.15535736083984,80.22177124023438
699.8338508605957,872.3766574859619,78.7957763671875,78.1754150390625
709.6442413330078,771.2996921539307,75.46466827392578,85.84219360351562
711.8058700561523,726.5159740447998,75.1897201538086,75.4718246459961
707.912727355957,651.9706783294678,87.92748260498047,57.47222137451172
711.9659805297852,578.0559825897217,91.90264129638672,68.83028411865234
718.733039855957,531.6531314849854,83.11730194091797,73.624267578125
741.2595825195312,517.5959568023682,75.94312286376953,67.97225952148438
766.2721939086914,515.519947052002,67.11748504638672,63.66828536987305
826.4178447723389,510.21031761169434,58.87351608276367,64.36084747314453
883.4496841430664,502.09839057922363,59.38365936279297,79.20869445800781
954.4653854370117,510.80395317077637,75.27629852294922,82.0758285522461
991.4214019775391,535.8008899688721,83.15473175048828,91.22688293457031
1015.1757850646973,592.7101573944092,89.59027099609375,80.7104721069336
1007.1411666870117,665.6256351470947,102.03545379638672,73.8282470703125
986.9319038391113,709.5830307006836,104.58941650390625,60.821048736572266
951.0973892211914,750.8319339752197,98.41426849365234,50.69342041015625
891.0193748474121,776.7029361724854,98.19624328613281,48.303802490234375
856.494743347168,769.9428195953369,97.90352630615234,54.415435791015625
833.3253860473633,753.8083953857422,74.0382308959961,52.2870979309082
820.3072147369385,721.1325511932373,61.98648452758789,57.129112243652344
798.6769790649414,690.6498069763184,77.2940902709961,48.647457122802734
788.6658477783203,690.508150100708,96.57813262939453,38.3572998046875
776.5896186828613,691.1267652511597,112.1751708984375,28.356229782104492
767.7109413146973,685.8342514038086,119.99217224121094,40.68440628051758
773.5992012023926,690.501012802124,109.62919616699219,47.619041442871094
781.3217582702637,682.0371532440186,118.9146728515625,63.798988342285156
773.0647468566895,656.6532535552979,135.74000549316406,78.51750183105469
762.9006385803223,626.402421951294,173.3374481201172,99.87908935546875
757.1725883483887,605.2832508087158,179.47964477539062,100.68585205078125
744.9651985168457,604.5755443572998,199.33717346191406,86.75141143798828
759.6636695861816,580.17551612854,196.1302947998047,97.25267028808594
755.7642021179199,578.0075626373291,196.31454467773438,112.58863830566406
743.3340110778809,595.6292476654053,211.8333740234375,102.35411834716797
758.2225151062012,600.5631694793701,198.89913940429688,89.29383087158203
747.5971260070801,601.9862613677979,228.58168029785156,88.15718078613281
725.9688911437988,603.9954242706299,143.8503875732422,89.9359130859375
731.8485832214355,605.9919452667236,133.20245361328125,91.24530029296875
753.6837348937988,602.8740520477295,132.68736267089844,112.37064361572266
776.8436317443848,604.3414783477783,151.7917022705078,78.20986938476562
779.1191749572754,600.0535335540771,151.4362030029297,115.15123748779297
787.1631736755371,605.048994064331,157.84857177734375,110.23014068603516
790.4228935241699,610.671667098999,159.84945678710938,89.38097381591797
793.7215995788574,615.825834274292,161.3182373046875,86.8400650024414
788.1391258239746,622.1726970672607,170.36419677734375,85.4815444946289
781.2015037536621,621.4529438018799,182.13626098632812,71.73355102539062
777.9036750793457,618.8695850372314,189.9162139892578,82.02804565429688
774.287525177002,617.2998561859131,189.9025421142578,79.70153045654297
769.9021492004395,613.7520122528076,198.7397003173828,82.49567413330078
764.491138458252,614.7511806488037,207.0047149658203,73.30767059326172
756.2738914489746,608.8951053619385,202.99432373046875,82.76136779785156
744.5097923278809,603.6412372589111,210.0576171875,85.20242309570312
730.7146492004395,602.8953151702881,212.0240936279297,86.19683074951172
727.2402381896973,598.6531047821045,202.62074279785156,94.0213394165039
727.3079032897949,603.5249462127686,187.34820556640625,99.48786163330078
738.0849800109863,598.4928531646729,159.27464294433594,105.89237976074219
749.4223518371582,590.7279834747314,161.83628845214844,91.26437377929688
764.6818656921387,592.1633968353271,156.741943359375,87.65535736083984
779.7430992126465,594.0378932952881,153.88418579101562,68.06871795654297
800.6805152893066,585.4978275299072,137.68861389160156,64.53117370605469
813.7120399475098,583.4881381988525,125.98533630371094,59.50672912597656
838.2187423706055,587.9523448944092,107.90958404541016,56.586585998535156
849.6252746582031,582.1435451507568,96.28328704833984,57.03905487060547
855.7050437927246,573.3191509246826,88.32363891601562,52.918251037597656
859.991771697998,556.7471981048584,78.97793579101562,64.9006576538086
859.8553619384766,544.6117343902588,77.2827377319336,60.77970886230469
866.4652328491211,537.5527191162109,67.66031646728516,63.25839614868164
859.2594223022461,532.6736431121826,72.83930206298828,65.32352447509766
857.2994842529297,533.2619800567627,72.51403045654297,62.980560302734375
853.4970054626465,531.4429817199707,75.61492919921875,61.168819427490234
857.458625793457,532.6216564178467,79.3097915649414,59.759681701660156
860.8824501037598,535.8637924194336,81.45933532714844,57.01295852661133
861.410270690918,539.934534072876,83.78784942626953,55.34336853027344
860.0686874389648,541.9295253753662,88.9271011352539,58.985618591308594
840.7590770721436,532.079511642456,52.9688835144043,77.3567886352539
834.9657497406006,528.0257320404053,57.6013298034668,78.44583892822266
822.031177520752,514.2856426239014,67.81019592285156,86.56824493408203
808.5695304870605,500.04609870910645,78.61306762695312,92.30178833007812
804.0576858520508,478.7180004119873,80.59174346923828,99.63126373291016
812.0016784667969,466.1949825286865,75.46712493896484,108.49877166748047
819.5650024414062,457.23011589050293,74.1682357788086,109.14600372314453
824.1814651489258,447.02564430236816,77.1546401977539,111.73484802246094
830.5119552612305,450.8568592071533,79.2541275024414,97.45565795898438
836.8708534240723,449.2151165008545,76.86561584472656,98.43256378173828
854.6868476867676,452.4361324310303,76.91978454589844,103.8487777709961
878.6115341186523,456.33913230895996,73.95719146728516,97.54436492919922
915.9243125915527,463.4926815032959,72.00579833984375,100.65135955810547
948.7246932983398,468.7115993499756,67.01282501220703,101.68920135498047
990.7836322784424,480.72497749328613,61.61842727661133,99.35549926757812
1030.8365631103516,506.95996284484863,51.599510192871094,105.89572143554688
1043.7732963562012,540.7208766937256,61.534515380859375,107.42790985107422
1040.4937896728516,594.758955001831,69.44615936279297,107.2853775024414
1023.68701171875,623.406042098999,79.6052474975586,100.9515609741211
994.1929969787598,668.4303951263428,85.41831970214844,76.65837860107422
959.8467330932617,698.9535655975342,97.4400405883789,68.80240631103516
937.491756439209,731.4271869659424,99.73489379882812,54.42425537109375
948.6399269104004,750.9275035858154,84.98197937011719,51.70276641845703
968.1585922241211,737.325403213501,92.17658233642578,48.48004150390625
999.8216438293457,710.0416202545166,88.83851623535156,55.11399841308594
1042.7319145202637,662.4795227050781,79.91693115234375,63.232120513916016
1058.358585357666,627.1233615875244,82.43434143066406,84.67112731933594
1068.9376983642578,600.2038822174072,74.68260955810547,92.74519348144531
1071.039176940918,583.8592052459717,67.48371124267578,92.34876251220703
1067.2851829528809,564.1555500030518,55.649566650390625,93.58489990234375
1057.4250946044922,543.7673778533936,51.36254119873047,93.6718978881836
1042.2653942108154,494.9240322113037,48.31142807006836,105.53199005126953
1024.360029220581,473.0532169342041,54.592586517333984,93.68022155761719
987.2597808837891,434.3603916168213,76.52228546142578,100.08241271972656
945.1738014221191,419.0426425933838,85.86062622070312,73.25160217285156
906.2938652038574,428.9814682006836,96.23526000976562,58.82204055786133
873.9015731811523,457.1661548614502,85.18738555908203,48.204833984375
852.0237503051758,467.989688873291,81.93041229248047,55.128414154052734
833.8715133666992,477.948787689209,81.29312896728516,62.26578903198242
804.1306076049805,485.9990749359131,92.98973846435547,50.68547821044922
805.4993362426758,478.7616729736328,91.67705535888672,55.09549331665039
814.5776023864746,471.73889541625977,83.63923645019531,51.57931137084961
824.7285614013672,462.85339546203613,84.31800079345703,51.26324462890625
866.1873664855957,438.40904426574707,90.585205078125,49.49786376953125
907.3952407836914,417.478702545166,97.7601547241211,52.1065788269043
968.744068145752,392.0751667022705,105.29330444335938,72.07037353515625
1060.4708251953125,377.6036014556885,91.04425811767578,90.96974182128906
1148.071039199829,410.0305652618408,58.46352005004883,102.67535400390625
1195.574125289917,451.19036293029785,51.02683639526367,96.09931945800781
1210.9027481079102,475.76512336730957,60.69066619873047,99.61285400390625
1210.8048343658447,483.7446460723877,63.43727493286133,101.50094604492188
1197.4960861206055,487.41894721984863,62.842124938964844,99.3133544921875
1169.7188034057617,478.593469619751,66.06694793701172,100.86814880371094
1123.375202178955,451.90117835998535,62.871826171875,100.01948547363281
1046.4104709625244,413.0573558807373,58.85149002075195,100.64969635009766
989.5219078063965,395.909761428833,55.95921325683594,96.88565063476562
884.994327545166,385.6685428619385,81.49832916259766,89.97779846191406
816.4832534790039,406.91101264953613,83.25613403320312,75.77349853515625
789.178108215332,428.0195255279541,74.90924072265625,69.13041687011719
770.9872932434082,402.07666969299316,86.43903350830078,113.27735900878906
763.6510124206543,409.1771755218506,77.09236907958984,115.62810516357422
769.3084907531738,411.1271381378174,55.555885314941406,114.43576049804688
776.2252750396729,402.9320468902588,60.723201751708984,111.65290832519531
782.7268943786621,392.2555446624756,87.57225799560547,111.1107406616211
823.1633415222168,389.90547370910645,123.1908187866211,105.77053833007812
894.547981262207,403.31431770324707,131.23861694335938,111.19451904296875
969.7229900360107,439.4692134857178,58.2313117980957,114.9898910522461
1039.6947841644287,514.8617877960205,63.094547271728516,101.33181762695312
1072.224105834961,609.434606552124,81.00987243652344,84.5455551147461
1038.546028137207,666.0087909698486,104.03228759765625,130.404052734375
941.3125,726.5255680084229,168.9070281982422,119.40980529785156
934.2180328369141,735.327470779419,153.6240997314453,110.76126098632812
926.1236801147461,745.2753810882568,142.326171875,108.0205307006836
910.1940002441406,756.7453098297119,130.7493438720703,109.95591735839844
895.8997535705566,755.6602649688721,120.3691177368164,183.59463500976562
883.8237228393555,747.3275012969971,93.98443603515625,257.7198791503906
890.799919128418,692.733980178833,58.67266845703125,302.81634521484375
912.0626029968262,721.3683490753174,50.239891052246094,253.27276611328125
915.2369747161865,760.7976932525635,43.84976577758789,243.01820373535156
913.845739364624,767.5989322662354,41.024356842041016,221.1284637451172
915.6038436889648,762.92307472229,40.583099365234375,229.23866271972656
914.5155639648438,759.7918109893799,38.74757385253906,232.40237426757812
915.164119720459,764.9788074493408,42.725791931152344,222.45123291015625
914.015453338623,757.6922779083252,37.625816345214844,234.80926513671875
915.1922950744629,773.1303882598877,39.17780303955078,207.6123046875
914.0620365142822,766.8725147247314,38.02676010131836,214.84445190429688
916.2222061157227,759.083345413208,39.733154296875,230.48013305664062
914.6845588684082,756.793176651001,37.95880889892578,230.2707061767578
915.3592281341553,765.1693134307861,46.450565338134766,204.278076171875
913.5672378540039,770.7723941802979,40.955169677734375,195.8608856201172
912.2272987365723,767.9906253814697,38.67761993408203,208.4338836669922
914.423620223999,767.3102283477783,44.899845123291016,205.66226196289062
913.6716117858887,767.6379718780518,39.540550231933594,214.60675048828125
914.6158046722412,764.845064163208,42.660587310791016,217.52847290039062
914.9596099853516,761.0845279693604,50.42454528808594,229.29298400878906
917.9366550445557,763.1030750274658,56.39907455444336,227.66268920898438
913.2232284545898,742.0255146026611,72.83035278320312,222.826904296875
912.3657550811768,750.1334781646729,60.94962692260742,252.13270568847656
912.6228256225586,747.0398120880127,50.720794677734375,273.7027893066406
910.5003299713135,755.8988361358643,50.59408187866211,245.01425170898438
908.0472240447998,762.7749195098877,47.0417366027832,223.04116821289062
864.0638732910156,749.4979038238525,125.97236633300781,155.3415985107422
1018.4771194458008,560.108476638794,99.862060546875,121.77346801757812
995.847490310669,557.0482730865479,59.19694137573242,110.54148864746094
977.0566673278809,552.2252902984619,54.171226501464844,122.90931701660156
948.6998252868652,527.1866245269775,49.817405700683594,81.57232666015625
934.0624465942383,486.97498893737793,51.08995056152344,89.3067855834961
919.3780288696289,441.3696346282959,56.39006042480469,95.01007843017578
916.9904041290283,421.753698348999,54.535884857177734,98.79972076416016
910.3322429656982,401.57956886291504,54.761539459228516,102.911865234375
903.7618808746338,383.77947425842285,56.95307540893555,104.99020385742188
897.7031936645508,375.4473361968994,61.33540344238281,104.848388671875
895.9937610626221,363.4824275970459,54.27199935913086,100.62906646728516
891.9828109741211,351.4483585357666,59.69169616699219,101.30487060546875
888.7091255187988,342.0231685638428,62.61327362060547,100.3035659790039
887.1360149383545,338.40976905822754,63.69205093383789,97.20449829101562
893.0719013214111,334.50071144104004,62.69820785522461,98.82485961914062
910.4597759246826,338.46603202819824,58.61764907836914,97.8413314819336
924.6842384338379,340.05363273620605,55.885093688964844,98.2494125366211
947.1457214355469,344.7857151031494,54.215972900390625,96.45269775390625
960.5801372528076,348.7365093231201,60.47177505493164,97.04113006591797
970.125186920166,348.37420082092285,62.18920135498047,98.7403564453125
976.5241966247559,346.2973575592041,65.57434844970703,103.39004516601562
988.4469108581543,349.71668434143066,69.94229888916016,100.88043212890625
1005.11572265625,355.5932140350342,64.56332397460938,96.37239837646484
1022.3807334899902,359.9104976654053,60.07831573486328,95.39029693603516
1032.3471794128418,364.3899211883545,56.22913360595703,94.7583236694336
1047.7218914031982,366.3900966644287,57.91324234008789,99.07801055908203
1057.6542472839355,369.5421962738037,55.26947784423828,99.09424591064453
1066.5639038085938,371.74110984802246,56.424102783203125,99.95001983642578
1072.411325454712,373.87475776672363,54.77701950073242,101.29216003417969
1073.6277313232422,377.87816429138184,56.50653076171875,101.78299713134766
1072.6856384277344,380.5081729888916,58.786285400390625,101.32516479492188
1065.1870822906494,382.0801067352295,58.1770133972168,100.06563568115234
1059.2184104919434,382.515588760376,54.446632385253906,101.12933349609375
1053.3982162475586,382.5141010284424,54.83537292480469,102.11753845214844
1053.8256225585938,389.6507320404053,55.874298095703125,97.54865264892578
1057.115249633789,407.2389736175537,64.33963012695312,104.12906646728516
1064.5587348937988,433.71952629089355,67.7988510131836,93.8738021850586
1038.7623672485352,472.18399238586426,90.99656677246094,78.84385681152344
1019.5971412658691,511.9197750091553,97.00151824951172,68.17667388916016
981.2966651916504,579.1528301239014,95.40670013427734,49.06060028076172
946.9976959228516,613.2525901794434,95.28343200683594,50.753780364990234
896.2793312072754,638.7319850921631,92.04808807373047,74.63565826416016
868.7959251403809,645.1794986724854,94.67987823486328,67.138671875
880.9141044616699,605.1363410949707,84.62210845947266,55.68073654174805
884.0271797180176,544.0161399841309,86.17217254638672,51.72980880737305
889.1333236694336,486.9390277862549,83.50025939941406,75.07682800292969
893.9071235656738,452.77581214904785,72.07189178466797,81.2711181640625
896.5085849761963,432.5279369354248,61.4514274597168,88.74327850341797
898.3691463470459,423.0627498626709,56.24992752075195,93.70758819580078
900.1475524902344,421.1954708099365,54.369293212890625,94.38135528564453
900.2964954376221,418.054162979126,52.60134506225586,95.12155151367188
897.368480682373,414.43721199035645,49.43512725830078,94.38819885253906
888.7757320404053,408.8012752532959,48.96547317504883,94.48346710205078
879.8626804351807,403.5104694366455,50.63663864135742,91.96971130371094
870.9104461669922,398.3088970184326,48.21185302734375,91.59651947021484
862.453779220581,387.5260486602783,49.808658599853516,91.64314270019531
858.6068382263184,371.73353385925293,49.08161163330078,93.53878021240234
858.1817302703857,355.42883110046387,47.586978912353516,95.39644622802734
856.9290904998779,348.1061153411865,48.21969985961914,94.49469757080078
855.170539855957,339.27651023864746,49.08226013183594,94.72283172607422
858.592601776123,333.8707790374756,49.871192932128906,95.6176986694336
864.5290451049805,333.2227382659912,50.82688903808594,93.1911849975586
873.920488357544,330.7940502166748,52.339962005615234,95.9616470336914
889.4548320770264,330.292387008667,50.39987564086914,96.0279312133789
907.2287158966064,332.0854244232178,49.675533294677734,96.97435760498047
946.6063137054443,340.74062156677246,50.23042678833008,98.3974838256836
971.3042278289795,347.0079593658447,49.89560317993164,103.16136169433594
1011.1162071228027,359.755163192749,60.80677032470703,106.70641326904297
1035.40482711792,352.25462913513184,71.15955352783203,115.36284637451172
1060.3685779571533,369.2625331878662,61.254573822021484,103.60652923583984
1099.6504459381104,383.2675266265869,55.49018478393555,99.36119079589844
1115.1852569580078,391.6733989715576,56.732086181640625,97.90320587158203
1116.7551002502441,402.869291305542,64.1921615600586,97.34357452392578
1110.7907791137695,429.86865043640137,74.14146423339844,96.7443618774414
1081.7042236328125,503.2206211090088,81.83456420898438,95.53211975097656
1084.624355316162,556.0704441070557,70.61200714111328,101.24143981933594
1044.7238388061523,672.0574359893799,79.00074768066406,78.169921875
992.2070960998535,759.5702457427979,85.89411163330078,55.10862731933594
916.6850471496582,830.1562557220459,89.8670425415039,52.17052459716797
850.5988845825195,849.6763019561768,89.67019653320312,70.57174682617188
770.133544921875,828.186601638794,81.9794921875,75.81549072265625
726.5022163391113,797.8765316009521,89.62438201904297,77.3432846069336
687.9046401977539,702.2467174530029,76.74821472167969,98.37508392333984
690.9797172546387,585.1526699066162,118.75247955322266,118.8940200805664
713.0660514831543,515.2921619415283,87.6508560180664,137.85169982910156
743.7233657836914,429.41650199890137,46.88612365722656,103.43592071533203
751.8681926727295,369.640417098999,39.797000885009766,101.1724624633789
753.4394969940186,332.7241458892822,59.55948257446289,103.72210693359375
765.9195823669434,312.9499111175537,72.48072052001953,94.30768585205078
832.0453147888184,295.3619976043701,71.26166534423828,93.88509368896484
921.2725715637207,304.4797840118408,68.99443817138672,97.43467712402344
1036.3495292663574,334.8499584197998,64.00940704345703,99.80571746826172
1112.112886428833,369.49252128601074,63.66958236694336,100.65502166748047
1139.7861557006836,392.2070789337158,74.73487854003906,93.92594909667969
1142.9457511901855,391.4786434173584,75.74915313720703,92.7474136352539
1125.7892799377441,375.16558265686035,70.35747528076172,95.16061401367188
1072.2708530426025,349.85455894470215,59.842647552490234,97.78449249267578
1022.5717315673828,336.060338973999,65.54940795898438,102.65570831298828
958.8179740905762,326.3742275238037,51.91454315185547,104.2475357055664
893.6917152404785,332.44326972961426,52.07176971435547,98.25300598144531
845.0515232086182,343.0813808441162,51.691829681396484,101.16736602783203
799.9019603729248,356.8733654022217,47.38563919067383,97.95552825927734
765.8094730377197,369.21093940734863,42.041378021240234,95.75923156738281
750.9272212982178,378.6087818145752,39.21701431274414,97.63676452636719
750.735107421875,387.4375476837158,36.58036804199219,94.08491516113281
752.0634346008301,393.4103527069092,36.994239807128906,95.71800994873047
756.7920017242432,422.2519702911377,39.30558395385742,90.69453430175781
756.9624500274658,467.773645401001,49.49055099487305,86.02877807617188
759.4629344940186,502.5102062225342,48.1479377746582,86.55428314208984
751.3428249359131,555.990312576294,58.87662124633789,88.29862976074219
749.1797523498535,584.3833141326904,64.66815948486328,92.65697479248047
770.5003986358643,603.1880588531494,62.69950485229492,97.18447875976562
807.5655860900879,612.220048904419,64.34232330322266,96.09486389160156
845.6689510345459,614.912763595581,55.932804107666016,99.26818084716797
922.2760066986084,612.9660091400146,54.36362075805664,98.44416046142578
1011.6423969268799,605.7858753204346,44.8807487487793,92.17857360839844
1046.144235610962,587.7757472991943,53.63613510131836,79.05533599853516
1077.1230945587158,519.1258449554443,49.69553756713867,96.06652069091797
1085.0213222503662,428.606294631958,49.11099624633789,85.87428283691406
1068.708896636963,346.7135486602783,51.870033264160156,100.61124420166016
1052.5633945465088,315.1420650482178,47.74320602416992,101.65707397460938
1000.3676471710205,308.14685249328613,50.18244552612305,102.98218536376953
933.9189701080322,317.9862422943115,51.73714828491211,98.72003173828125
849.075870513916,333.61626625061035,51.58257293701172,96.69957733154297
820.153923034668,339.00219917297363,49.54637145996094,95.85941314697266
780.98606300354,350.75584602355957,49.74123764038086,94.31708526611328
760.488697052002,372.1027126312256,43.08806610107422,90.67080688476562
749.0246200561523,395.8877429962158,43.4158935546875,95.37256622314453
735.4199161529541,442.9081783294678,42.9588737487793,90.89999389648438
730.1357669830322,495.3524532318115,43.29331588745117,93.07546997070312
732.8731555938721,540.534345626831,42.98067855834961,92.32453918457031
731.7640323638916,581.068078994751,48.818782806396484,92.21773529052734
745.6180210113525,597.2731189727783,52.969966888427734,89.43524932861328
784.092306137085,587.3601703643799,46.48752212524414,90.98694610595703
813.929479598999,574.5791416168213,48.449100494384766,92.47657012939453
855.0468349456787,556.6548137664795,51.29275894165039,93.167236328125
803.38916015625,487.1862621307373,209.71080017089844,193.66061401367188
924.8450012207031,499.94303703308105,173.86973571777344,186.90719604492188
1095.1217193603516,468.331090927124,84.38789367675781,138.45567321777344
1167.8199787139893,455.91933250427246,58.98441696166992,95.76771545410156
1194.9753112792969,429.34956550598145,59.16218566894531,84.40473175048828
1193.8455505371094,386.79678535461426,56.80140686035156,92.72376251220703
1195.3283500671387,381.11886405944824,54.27721405029297,90.86100769042969
1207.5428791046143,406.3487300872803,60.34348678588867,82.37454223632812
1218.3755645751953,453.5980739593506,65.26313781738281,73.773681640625
