1250.0,370.0,57.0,259.0
1250.2794342041016,370.0557098388672,54.98590087890625,258.13494873046875
1238.6680335998535,362.5078582763672,53.616722106933594,260.5975341796875
1221.552173614502,362.06739807128906,55.197227478027344,259.8477783203125
1217.1539211273193,361.8186950683594,55.2072639465332,257.8367919921875
1218.1426944732666,360.365478515625,57.23579025268555,262.29107666015625
1206.9621887207031,361.027099609375,53.948272705078125,265.26678466796875
1157.6081638336182,365.92517852783203,55.50983810424805,251.6880340576172
1046.6058349609375,360.8297576904297,54.33367919921875,246.9930419921875
960.7297840118408,384.0217971801758,55.241573333740234,250.31715393066406
904.7236442565918,379.09124755859375,56.10620880126953,246.26260375976562
821.4940452575684,371.55702209472656,53.527809143066406,230.8077392578125
784.7825946807861,386.57212829589844,58.107906341552734,261.05584716796875
750.8736400604248,399.45448303222656,51.149112701416016,253.22122192382812
731.2756309509277,423.2345733642578,51.777503967285156,257.96917724609375
730.4639091491699,445.22303009033203,52.30127716064453,255.39967346191406
740.3223094940186,457.78070068359375,55.06076431274414,254.11325073242188
749.554521560669,452.83653259277344,53.389888763427734,264.0976867675781
751.1103477478027,473.2619857788086,52.886268615722656,250.1830596923828
764.4719486236572,484.3749694824219,53.29267501831055,251.18991088867188
784.2587814331055,476.8919372558594,55.34370422363281,260.7093505859375
791.5290718078613,474.0494384765625,55.705772399902344,251.5826416015625
794.3428173065186,453.7511444091797,54.778812408447266,256.4379577636719
838.338659286499,419.56126403808594,55.47145462036133,260.57098388671875
878.1862163543701,406.99723052978516,56.22702407836914,248.3957061767578
880.4211692810059,377.8570861816406,55.175636291503906,260.1571044921875
910.4344329833984,372.2905960083008,57.7169189453125,247.93751525878906
920.6393451690674,351.69872283935547,55.73189926147461,252.7715606689453
921.6651515960693,355.9145965576172,55.13008499145508,260.49066162109375
923.3916683197021,368.12989807128906,56.56279373168945,256.7728576660156
926.5548686981201,383.3123321533203,56.99191665649414,250.04150390625
927.1603775024414,394.89163970947266,58.50257873535156,238.7981719970703
925.5479564666748,387.59539794921875,56.371524810791016,242.8994140625
927.005693435669,359.7322006225586,57.019039154052734,255.6687774658203
925.1433334350586,376.0045852661133,62.74800109863281,230.7601776123047
926.6908493041992,372.7116394042969,56.52146911621094,240.09808349609375
925.780797958374,397.19757080078125,57.02043533325195,240.11175537109375
924.1780548095703,425.7343215942383,59.095001220703125,244.59007263183594
923.1775703430176,451.0357437133789,58.22496795654297,251.7727508544922
922.7406520843506,464.75403594970703,56.67280960083008,253.2799530029297
925.7256717681885,461.77171325683594,59.17856979370117,251.2867431640625
926.9747791290283,453.439208984375,59.531856536865234,246.7274169921875
926.285774230957,429.94771575927734,59.67356872558594,247.05760192871094
926.9147453308105,406.3052749633789,61.156166076660156,247.4233856201172
925.5942077636719,378.5767364501953,62.6961669921875,246.7296142578125
938.333288192749,353.90747833251953,57.95036697387695,247.93821716308594
936.2498741149902,363.69188690185547,58.109657287597656,254.44285583496094
935.2942047119141,366.2554168701172,58.171600341796875,246.7474365234375
935.2582187652588,355.10882568359375,54.8758659362793,251.68927001953125
925.7152652740479,351.29823303222656,60.54453659057617,252.93905639648438
926.626184463501,358.069580078125,60.1162223815918,246.43063354492188
928.0155944824219,352.94107818603516,55.712493896484375,249.79917907714844
928.3145122528076,349.0973205566406,53.34415054321289,258.7402038574219
927.9412078857422,348.3213653564453,55.87689208984375,258.8129577636719
942.353458404541,351.7514953613281,57.658592224121094,254.45346069335938
945.6793994903564,354.9950714111328,53.354671478271484,257.6947021484375
966.267650604248,369.17689514160156,52.08332061767578,252.06820678710938
979.7594928741455,390.52811431884766,53.96883773803711,255.1607208251953
980.7586498260498,440.91456604003906,54.64145278930664,245.3787841796875
978.8411273956299,462.30701446533203,54.32375717163086,252.35072326660156
983.1177787780762,461.10545349121094,55.240333557128906,262.12847900390625
980.4048347473145,463.30975341796875,57.65789031982422,253.04721069335938
985.1556453704834,453.83721923828125,56.71413040161133,245.0302734375
989.7808380126953,443.9866027832031,54.743255615234375,252.3941650390625
997.9802875518799,436.6067810058594,51.50100326538086,263.54998779296875
1061.3603248596191,462.76969146728516,52.928001403808594,248.18663024902344
1145.8739337921143,458.44766998291016,53.03261947631836,252.9662322998047
1253.213077545166,458.7904357910156,52.634300231933594,260.72259521484375
1369.377368927002,458.3553009033203,53.86406707763672,259.0562744140625
1367.5407485961914,449.21451568603516,59.30979919433594,250.9104766845703
1330.906982421875,414.0024871826172,57.572998046875,256.5516052246094
1253.2383460998535,379.97684478759766,57.097557067871094,246.4652557373047
1134.4828491210938,365.15914154052734,51.155487060546875,235.99668884277344
1049.0229797363281,358.96671295166016,55.76202392578125,245.9759063720703
955.7310199737549,379.5462417602539,53.67031478881836,251.5232696533203
926.2799777984619,407.6500778198242,55.89680099487305,255.70042419433594
853.8248443603516,405.0149230957031,52.26458740234375,252.4569091796875
848.6837787628174,406.58843994140625,50.67428207397461,260.34197998046875
871.252628326416,408.989501953125,55.92809295654297,256.67236328125
883.2407627105713,407.1089096069336,51.75584030151367,253.9873809814453
916.9820938110352,402.8234100341797,54.25498962402344,257.6258544921875
934.887825012207,404.5811767578125,55.05726623535156,258.5146179199219
982.9571647644043,401.06813049316406,54.06348419189453,259.4436340332031
1029.9087162017822,410.0375061035156,55.43455123901367,258.025390625
1096.9302444458008,427.0886688232422,57.18086242675781,242.59335327148438
1120.98237991333,415.4815368652344,55.66332244873047,257.762451171875
1138.5263748168945,409.4144592285156,55.63221740722656,260.0603942871094
1146.337013244629,408.51959228515625,57.14060974121094,253.46807861328125
1129.2155570983887,395.5129165649414,55.604042053222656,245.82032775878906
1115.459981918335,382.17989349365234,53.84611892700195,250.1907501220703
1136.3138446807861,383.08856201171875,55.01229476928711,258.5065612792969
1129.610683441162,393.77925872802734,57.345191955566406,254.1372833251953
1123.6926708221436,398.9067611694336,59.429203033447266,255.31312561035156
1146.09153175354,402.7027130126953,57.0229606628418,261.82196044921875
1183.390588760376,421.27359771728516,61.60960006713867,249.05250549316406
1182.5107917785645,412.78773498535156,66.06920623779297,247.08718872070312
1143.3065204620361,388.9407424926758,60.06362533569336,249.70362854003906
1142.9358921051025,381.1977844238281,62.21622848510742,257.45758056640625
1138.952434539795,387.4077377319336,63.935035705566406,246.42185974121094
1094.7348918914795,365.5363082885742,60.71170425415039,251.0712432861328
1073.8195323944092,356.3672561645508,60.303287506103516,254.08033752441406
1023.4114589691162,347.5474090576172,59.52434158325195,251.1009521484375
956.1808032989502,340.14642333984375,54.770809173583984,252.15353393554688
903.5838375091553,336.9690704345703,59.40263748168945,249.33938598632812
818.68532371521,330.8179168701172,57.34730911254883,250.19781494140625
778.0474433898926,320.7288055419922,51.610008239746094,268.14605712890625
761.6647682189941,346.18184661865234,51.86913299560547,252.9992218017578
749.9958171844482,362.6023254394531,51.97275161743164,258.71240234375
755.5006790161133,387.3241882324219,55.32231140136719,263.02911376953125
770.4515514373779,407.92456817626953,50.354984283447266,249.2006378173828
768.2393646240234,408.65706634521484,52.997161865234375,255.24696350097656
784.0529975891113,404.2206573486328,52.41551971435547,267.9354553222656
793.9423751831055,409.1454162597656,53.32124328613281,259.3466491699219
844.8771800994873,417.9259490966797,50.25894546508789,262.3526916503906
900.6225528717041,424.44715881347656,53.16694259643555,261.9377136230469
947.5244979858398,426.4109802246094,55.47230529785156,259.33074951171875
1008.3393459320068,445.31348419189453,53.61098098754883,253.55125427246094
1047.7874355316162,450.77691650390625,54.11079788208008,256.02734375
1106.0433177947998,461.2242660522461,55.40726089477539,254.3337860107422
1142.4207153320312,458.67539978027344,56.5257568359375,258.723876953125
1176.6963596343994,449.79551696777344,60.38834762573242,252.31539916992188
1197.8353157043457,433.1563415527344,54.307823181152344,257.9306945800781
1192.9789409637451,426.6728973388672,60.333011627197266,243.83657836914062
1162.391975402832,412.32079315185547,67.76792907714844,244.89366149902344
1132.3519287109375,399.4369888305664,68.45318603515625,252.56056213378906
1098.0894718170166,394.27734375,58.97086715698242,249.26773071289062
1086.0755653381348,394.5407028198242,63.40709686279297,251.2270965576172
1079.101613998413,387.6085433959961,59.17372512817383,249.3223114013672
1029.029161453247,376.52301025390625,59.444087982177734,251.16119384765625
997.5606727600098,370.5159606933594,64.6284408569336,251.60650634765625
977.2597408294678,371.5881118774414,60.85429763793945,251.5342254638672
913.1259689331055,369.9018859863281,64.96983337402344,229.32110595703125
872.5793857574463,358.22821044921875,60.42039108276367,251.56625366210938
831.196268081665,356.5658721923828,57.59519577026367,244.20870971679688
762.909984588623,350.09081268310547,64.17969512939453,250.73985290527344
728.3359622955322,352.84913635253906,55.86515426635742,247.86135864257812
705.5179958343506,370.34220123291016,56.99199295043945,250.2232208251953
712.0393829345703,388.91199493408203,57.45294189453125,253.46192932128906
744.5850696563721,430.68455505371094,57.103145599365234,253.35546875
783.3091354370117,451.84521484375,56.74693298339844,259.4242858886719
789.226282119751,466.0309753417969,58.18326950073242,247.24758911132812
805.1227073669434,454.9635467529297,52.43903350830078,256.9481201171875
846.2314147949219,454.1701965332031,53.56787109375,262.7149658203125
882.1838111877441,467.5333709716797,56.74639129638672,255.45559692382812
979.2578716278076,470.1763381958008,55.999881744384766,249.6536407470703
1045.939811706543,465.6382827758789,55.84193420410156,253.98817443847656
1089.2094593048096,461.71510314941406,54.09450912475586,250.73019409179688
1131.9563579559326,446.08331298828125,53.394962310791016,250.51617431640625
1175.4392642974854,438.67431640625,55.86420822143555,251.7803955078125
1198.8277206420898,437.7006301879883,56.91908264160156,253.3738250732422
1223.4843788146973,437.3487854003906,58.10778045654297,261.82525634765625
1289.3588256835938,468.3749008178711,59.9984130859375,242.58168029785156
1294.9487037658691,463.0284423828125,58.300559997558594,254.67398071289062
1312.2001991271973,464.3368835449219,57.177391052246094,265.8895568847656
1336.025152206421,476.2266845703125,56.86006546020508,266.0232849121094
1343.2874145507812,489.1313018798828,58.04119873046875,257.6012268066406
1300.4549560546875,472.8736572265625,53.972198486328125,256.5631103515625
1250.3936786651611,470.1546325683594,56.36660385131836,252.25686645507812
1097.3541717529297,432.92701721191406,55.02069091796875,248.7249755859375
1061.8732681274414,429.9311065673828,54.21443176269531,266.22991943359375
1087.645175933838,452.3833923339844,52.803672790527344,263.1571350097656
1064.1815128326416,465.2866897583008,51.99619674682617,254.88490295410156
1028.18363571167,467.70477294921875,51.94043731689453,262.5675964355469
933.2392864227295,467.08548736572266,51.99332046508789,248.10240173339844
845.5860080718994,463.11844635009766,53.78474044799805,239.87464904785156
810.777135848999,449.7463836669922,55.08192825317383,252.42941284179688
715.5038890838623,417.4898147583008,58.193973541259766,246.47325134277344
712.1992988586426,407.4220428466797,55.93517303466797,255.813720703125
762.3936138153076,414.23841094970703,56.27640151977539,255.16188049316406
824.8819770812988,429.97203826904297,56.51403045654297,245.90110778808594
901.4973945617676,423.9089813232422,55.65746307373047,253.91754150390625
980.7222423553467,433.82970428466797,56.514408111572266,247.1976776123047
1094.6571235656738,451.0396957397461,61.06267547607422,233.83363342285156
1166.6134243011475,451.0363998413086,61.10808181762695,248.2971954345703
1150.6139221191406,432.7803039550781,62.572845458984375,257.66009521484375
1094.0740127563477,422.1938705444336,66.94032287597656,250.05943298339844
1046.4579830169678,418.86351776123047,58.49025344848633,248.74464416503906
910.5772533416748,408.22167205810547,56.6907844543457,244.7268829345703
876.056661605835,433.0649719238281,58.02292251586914,233.45806884765625
833.9529609680176,430.9467544555664,54.70941925048828,252.97010803222656
710.0619621276855,432.5127716064453,62.091941833496094,245.55447387695312
667.8152484893799,428.815673828125,53.87397384643555,261.4806213378906
700.1588954925537,455.7262191772461,56.44748306274414,243.7090301513672
734.2378158569336,446.01004791259766,58.345672607421875,253.40455627441406
819.6963138580322,452.0303497314453,53.66469955444336,256.5685119628906
884.7910766601562,458.8776321411133,56.58131408691406,255.21363830566406
909.8135890960693,452.9687194824219,54.24924087524414,252.65084838867188
978.5995998382568,466.25960540771484,52.17795181274414,249.2222442626953
1031.5812683105469,464.4017639160156,51.78944396972656,261.7717590332031
1048.4491786956787,479.51561737060547,51.03805923461914,253.09214782714844
1062.868366241455,478.07130432128906,51.20032501220703,256.1513366699219
1044.7389183044434,476.5288314819336,50.25176239013672,250.6846466064453
1028.3485851287842,470.2552490234375,50.00017166137695,242.74069213867188
1005.0429725646973,446.14977264404297,50.829200744628906,254.65541076660156
1001.252613067627,444.43572998046875,52.779212951660156,260.5672912597656
992.939172744751,445.40753173828125,52.46444320678711,264.9427490234375
980.3924827575684,457.1459503173828,52.835777282714844,259.0457458496094
944.6174049377441,456.73060607910156,51.00757598876953,262.910888671875
879.6687107086182,458.99339294433594,57.50478744506836,250.02557373046875
834.6122131347656,455.35572052001953,54.31245422363281,255.24440002441406
769.328052520752,470.7891540527344,55.75128936767578,246.6798095703125
725.2322254180908,473.3570556640625,55.80720138549805,257.3214111328125
664.9584007263184,490.1539306640625,58.30175018310547,250.89682006835938
614.7228202819824,482.2589416503906,60.65251922607422,261.4166564941406
587.6279563903809,495.7159423828125,61.46288299560547,253.22982788085938
596.0005340576172,501.76707458496094,60.14558410644531,249.9451904296875
633.1097545623779,506.02005767822266,61.34938430786133,252.1145782470703
688.2134437561035,505.6480407714844,61.619056701660156,251.57452392578125
743.3873996734619,506.3363037109375,61.19961166381836,252.94534301757812
780.4946689605713,516.9057693481445,60.13607406616211,243.05894470214844
829.5200366973877,502.9166259765625,55.99580001831055,257.1167907714844
872.3346099853516,507.4205780029297,56.72761535644531,245.830322265625
894.1977100372314,506.9521713256836,59.1993522644043,254.5670623779297
940.6776237487793,510.8509292602539,56.618614196777344,248.87831115722656
971.2528076171875,504.6155471801758,64.64482116699219,255.63597106933594
1009.4376754760742,515.5980377197266,60.80548095703125,247.46749877929688
1042.8902778625488,527.1491851806641,62.80146026611328,238.33786010742188
1075.4978408813477,511.118408203125,61.593353271484375,256.092529296875
1100.7824153900146,516.1440124511719,59.32645034790039,245.85009765625
1115.629888534546,503.1539306640625,60.72671890258789,256.75439453125
1098.6364364624023,491.60609436035156,56.602691650390625,253.81399536132812
1057.3282470703125,471.90748596191406,59.04902648925781,248.73330688476562
987.10910987854,448.0047378540039,57.543148040771484,244.6071319580078
942.9970073699951,436.47389221191406,57.66719436645508,244.58401489257812
872.7201404571533,428.53430938720703,62.92417526245117,247.6403045654297
844.7114753723145,432.15560150146484,64.2806167602539,245.5283966064453
806.2449054718018,435.2126007080078,61.58671188354492,245.5709228515625
715.7862777709961,425.50211334228516,64.5902099609375,242.1790313720703
623.8467903137207,414.4856491088867,67.8149185180664,239.40953063964844
587.1716613769531,392.1623306274414,62.01481628417969,254.69639587402344
526.1042442321777,371.7974624633789,67.1877670288086,251.36122131347656
531.4502105712891,348.00569915771484,64.97856140136719,250.38697814941406
524.4230613708496,296.87547302246094,68.74239349365234,251.54290771484375
524.7970848083496,267.13187408447266,65.9609603881836,253.98023986816406
624.505241394043,279.4285888671875,65.47946166992188,251.50033569335938
755.9125328063965,311.35684967041016,63.181724548339844,244.2096710205078
837.6436462402344,314.0870895385742,59.35511779785156,253.95494079589844
926.9803104400635,325.83223724365234,58.16482162475586,244.3253631591797
1021.6512870788574,341.07525634765625,60.07799530029297,245.288818359375
1088.4260425567627,366.55601501464844,58.78147506713867,242.58987426757812
1144.5509300231934,364.85791015625,57.217613220214844,257.60711669921875
1175.3257884979248,381.6268539428711,59.03374099731445,248.8467559814453
1286.79709815979,412.02703857421875,55.821956634521484,259.3641357421875
1378.1486263275146,438.7865447998047,58.454715728759766,261.7595520019531
1493.666498184204,455.3734893798828,56.89657211303711,249.07614135742188
1528.5395069122314,444.5018615722656,61.76713180541992,273.22393798828125
1528.376091003418,430.10032653808594,63.226470947265625,265.4762878417969
1611.904977798462,424.20701599121094,61.098445892333984,277.4159851074219
1790.5975666046143,449.52732849121094,60.1139030456543,282.0239562988281
1676.085292816162,473.84095001220703,71.51787567138672,246.68516540527344
1775.318920135498,461.52095794677734,65.5360336303711,241.7384796142578
1857.8508949279785,458.1648635864258,61.831642150878906,238.89698791503906
1884.2269859313965,470.88024139404297,35.773014068603516,251.6747283935547
1883.138048171997,488.2014846801758,36.42882537841797,209.77134704589844
1861.4808082580566,458.6141052246094,56.6301155090332,219.51364135742188
1820.9939765930176,434.94390869140625,63.80153274536133,249.40216064453125
1757.2327899932861,419.52127838134766,66.56334686279297,253.58998107910156
1657.9515209197998,417.6654281616211,72.3270263671875,198.3407745361328
1527.2892818450928,379.6739807128906,82.26432800292969,257.3275146484375
1711.2831554412842,411.05711364746094,80.07125854492188,275.5924377441406
1577.3196926116943,410.322021484375,72.65577697753906,257.83929443359375
1471.141996383667,400.18499755859375,67.62539672851562,263.4957275390625
1364.0100421905518,394.7241973876953,67.6994857788086,262.0852966308594
1261.7073993682861,416.4904479980469,65.1808090209961,232.4515380859375
1169.0106925964355,396.9552764892578,62.73068618774414,258.3376159667969
1107.0013599395752,392.4929504394531,66.00621795654297,248.71600341796875
1031.9248523712158,386.5420684814453,59.092857360839844,235.10116577148438
996.8472175598145,400.5056457519531,61.16878128051758,237.31915283203125
887.727216720581,384.29005432128906,58.648345947265625,241.61325073242188
819.9987812042236,381.60618591308594,57.453330993652344,250.25836181640625
724.091194152832,392.29476165771484,58.85615158081055,244.9744415283203
634.2087936401367,401.62784576416016,61.89069747924805,240.18959045410156
544.0298442840576,388.0799102783203,61.95941162109375,257.9705810546875
540.4470348358154,396.8748779296875,63.229217529296875,260.1911926269531
537.0206451416016,401.9238967895508,58.303035736083984,249.8604278564453
520.1294364929199,388.28137969970703,57.53934097290039,255.9037322998047
470.4924011230469,368.7941589355469,58.85049057006836,256.3960266113281
444.2324848175049,355.6836700439453,60.403221130371094,260.7707214355469
472.13658332824707,351.0753479003906,60.92931365966797,262.75054931640625
511.02148246765137,357.7413787841797,61.678924560546875,261.4044494628906
565.416130065918,348.4443054199219,56.93949508666992,266.55169677734375
593.7203006744385,348.4030456542969,58.175941467285156,260.1841125488281
598.315279006958,341.6051330566406,58.145713806152344,256.2564392089844
596.9361820220947,338.92637634277344,60.815223693847656,258.71038818359375
597.0350151062012,335.3014373779297,57.976261138916016,261.4087829589844
614.5381011962891,327.87046813964844,56.348323822021484,268.0958557128906
651.9472923278809,359.4084243774414,62.27273941040039,236.3422088623047
697.2872867584229,338.24388122558594,58.429725646972656,258.41033935546875
732.3372707366943,340.3214416503906,60.45274353027344,258.2049865722656
756.847469329834,346.28060150146484,59.26181411743164,255.12046813964844
754.8805332183838,335.70533752441406,64.41889190673828,249.31930541992188
744.3570175170898,297.3467712402344,58.99967575073242,256.821533203125
737.1250801086426,258.8533172607422,60.9444465637207,256.6307373046875
846.6188716888428,245.49172973632812,62.07679748535156,242.45718383789062
890.8656253814697,226.15501403808594,64.94669342041016,246.34445190429688
971.3746204376221,204.37787628173828,65.29546356201172,241.42750549316406
1069.716287612915,183.78335571289062,78.22595977783203,246.62295532226562
1076.1879634857178,172.57424926757812,87.52815246582031,248.38742065429688
1031.6911716461182,145.59761810302734,75.80500030517578,254.2327117919922
949.3607425689697,129.86373901367188,70.91532135009766,253.02694702148438
863.1101398468018,114.37841796875,68.17244720458984,261.3381652832031
789.7967052459717,105.7068862915039,58.684356689453125,251.29710388183594
688.6553630828857,94.32673645019534,60.76885986328125,266.8917541503906
590.0105438232422,87.94631958007815,62.156612396240234,270.7640686035156
523.821216583252,87.15917968750003,55.35573196411133,282.5222473144531
475.64175605773926,96.81221008300781,55.933982849121094,279.8541259765625
436.0969543457031,99.34254455566403,62.42391586303711,282.2277526855469
366.3012981414795,101.54452514648435,66.21551513671875,291.6650390625
304.7677974700928,125.59364318847656,67.12532043457031,290.9087829589844
254.2795238494873,160.35400390625,73.05636596679688,292.44647216796875
229.1045970916748,189.9656982421875,72.27536010742188,293.78546142578125
205.0690097808838,227.06411743164062,70.76737213134766,284.61370849609375
220.72170448303223,257.8704833984375,77.26996612548828,279.5570068359375
340.8477535247803,257.7553253173828,68.95744323730469,270.1479797363281
514.0395221710205,277.6107940673828,59.66930389404297,258.4858703613281
578.675703048706,294.81483459472656,54.298065185546875,263.6156311035156
601.0086555480957,315.36427307128906,58.50532913208008,255.20852661132812
624.1290798187256,317.6874542236328,55.17500305175781,266.5198059082031
630.1008472442627,343.32208251953125,54.332542419433594,252.33636474609375
651.0901126861572,339.25706481933594,55.14966583251953,268.7943420410156
661.2419967651367,368.77123260498047,54.13065719604492,251.42091369628906
658.6721057891846,390.10438537597656,56.37590789794922,257.0074768066406
661.2648639678955,414.20509338378906,54.126792907714844,260.9048156738281
658.3266658782959,440.3271942138672,57.57121276855469,262.4615173339844
650.5731048583984,441.7712707519531,57.52572250366211,267.49755859375
656.5406360626221,440.5780487060547,54.36736297607422,255.92227172851562
731.3697261810303,435.5974426269531,54.60664367675781,257.9601135253906
764.4436855316162,431.60135650634766,57.18284606933594,255.38401794433594
823.9795913696289,425.1660461425781,57.4548454284668,248.41116333007812
926.6647357940674,433.5606002807617,58.848716735839844,242.7401580810547
987.2226543426514,439.0989227294922,58.354766845703125,248.61801147460938
1036.1370487213135,427.19151306152344,53.495887756347656,256.55731201171875
1033.423231124878,400.21485900878906,57.591644287109375,252.5965576171875
1007.3531684875488,379.2041702270508,57.8730354309082,247.5055389404297
966.242582321167,337.89292907714844,53.6566162109375,248.66714477539062
955.7946109771729,356.90836334228516,60.06861114501953,255.4054718017578
949.1628723144531,371.05240631103516,57.67330551147461,251.47230529785156
945.0973262786865,391.5456848144531,58.52507019042969,250.13333129882812
946.7737770080566,410.4303970336914,59.72658157348633,249.15626525878906
939.1041965484619,424.75103759765625,55.551673889160156,253.47567749023438
868.709753036499,420.7527313232422,57.60682678222656,254.94418334960938
824.9237308502197,414.82913970947266,54.215553283691406,249.6778106689453
756.6363124847412,407.5971374511719,56.86259460449219,256.29736328125
704.8012466430664,404.1446304321289,56.26420211791992,246.3939971923828
668.0014629364014,409.57716369628906,56.108856201171875,254.73114013671875
633.2518310546875,404.01904296875,63.214351654052734,255.53225708007812
607.2183589935303,394.3191680908203,61.26524353027344,250.95980834960938
601.6638278961182,382.4583740234375,66.7798843383789,256.9826965332031
592.5675201416016,352.9445114135742,61.752254486083984,253.5751495361328
581.6314067840576,328.8454284667969,64.47784423828125,258.80859375
596.7925853729248,311.63623046875,60.407440185546875,259.5996398925781
700.8353271484375,343.49632263183594,63.824031829833984,252.69464111328125
818.1837539672852,382.76126861572266,58.47013473510742,248.54383850097656
872.7357997894287,405.7749786376953,62.95704650878906,231.36544799804688
991.4439029693604,416.9840316772461,58.31446075439453,242.45484924316406
1093.1036586761475,437.4602355957031,58.94990539550781,248.28857421875
1119.3592853546143,440.9100112915039,62.38396453857422,249.7223358154297
1178.0415744781494,459.90245056152344,70.79312896728516,245.33773803710938
1238.8947315216064,471.7309036254883,65.4706039428711,255.20603942871094
1264.1077480316162,478.0918502807617,63.65357971191406,252.9970245361328
1272.2425899505615,466.23785400390625,66.55705261230469,256.6595764160156
1255.271375656128,446.527099609375,64.68951416015625,258.8564147949219
1213.2343635559082,426.0544891357422,63.15263748168945,249.18991088867188
1195.935136795044,412.3609619140625,62.154563903808594,252.88558959960938
1219.6961612701416,435.1636505126953,73.25244903564453,242.43109130859375
1270.9933223724365,441.8582458496094,63.26713562011719,262.7809143066406
1290.1223316192627,459.5107116699219,62.453392028808594,257.3774719238281
1352.727933883667,495.58216857910156,73.0458984375,253.1781005859375
1451.325304031372,522.6446990966797,75.6415023803711,258.50494384765625
1504.5592136383057,523.1693420410156,70.26322174072266,270.0406799316406
1519.8161029815674,512.9155120849609,66.96849822998047,269.9100341796875
1503.971242904663,497.77325439453125,74.30189514160156,263.7055969238281
1463.0996837615967,485.8921661376953,79.57208251953125,241.28546142578125
1314.4878482818604,435.6032257080078,74.2804946899414,244.40158081054688
1163.2035655975342,405.86893463134766,69.885498046875,253.08897399902344
1066.4594745635986,412.09815216064453,73.79390716552734,241.10118103027344
991.7297248840332,418.85044860839844,62.44121170043945,249.91403198242188
917.3505382537842,437.07269287109375,57.723876953125,242.3638916015625
761.6845111846924,451.2401885986328,58.43962860107422,256.0428161621094
709.4753646850586,462.2127380371094,60.1029167175293,252.7713623046875
661.7871017456055,480.2177734375,56.0828971862793,244.46685791015625
641.4156494140625,492.6218948364258,55.81820297241211,246.9921112060547
599.5778331756592,481.64208984375,54.586334228515625,253.85382080078125
588.2020225524902,471.9422912597656,55.10934829711914,263.6634521484375
566.6157283782959,471.20945739746094,56.95207214355469,258.66888427734375
553.3757343292236,464.40208435058594,55.669151306152344,263.411865234375
569.5622253417969,460.39068603515625,54.49776840209961,263.6556091308594
597.7736129760742,460.2331237792969,57.96287155151367,260.4519958496094
609.4777145385742,456.6846618652344,55.40262985229492,257.8354797363281
606.083345413208,450.0769500732422,56.160240173339844,255.48275756835938
611.2911472320557,441.4590530395508,56.81995391845703,254.5301971435547
606.4398021697998,407.15956115722656,55.836578369140625,268.0575866699219
623.8032608032227,405.64283752441406,54.39176559448242,250.56869506835938
683.0542125701904,401.82469177246094,57.444549560546875,261.485107421875
725.013484954834,415.6442642211914,56.756595611572266,248.26405334472656
792.7345237731934,410.2320251464844,56.957767486572266,257.72369384765625
848.4312629699707,410.6263427734375,56.37556838989258,250.2889404296875
884.7487964630127,406.3356018066406,57.600791931152344,253.40325927734375
942.5368709564209,413.24285888671875,64.01701354980469,247.62472534179688
980.8806915283203,420.4264221191406,61.06447982788086,242.95364379882812
1019.7018623352051,414.01678466796875,62.04994583129883,253.48263549804688
1016.1776924133301,409.9740753173828,63.3001594543457,253.90945434570312
1006.8487033843994,406.63895416259766,58.465858459472656,255.48277282714844
997.7674160003662,413.5137481689453,59.08714294433594,256.12103271484375
924.9651432037354,400.40418243408203,57.025001525878906,245.30250549316406
878.9149265289307,399.4099349975586,57.490821838378906,249.55101013183594
804.58642578125,395.8029022216797,56.82912826538086,256.4493713378906
710.6638507843018,396.4763488769531,56.926231384277344,251.77316284179688
587.2010021209717,388.03363037109375,56.47650146484375,261.4102478027344
540.2880191802979,412.1311798095703,57.539894104003906,258.35833740234375
531.7121562957764,405.3923797607422,58.696533203125,266.4103088378906
577.6086254119873,423.55615997314453,58.568572998046875,253.2833709716797
673.3135757446289,441.51588439941406,60.23240280151367,249.75808715820312
733.9218788146973,448.49886322021484,61.6197395324707,250.9179229736328
832.922119140625,461.912109375,61.791988372802734,247.78143310546875
887.7098712921143,470.6597366333008,64.66649627685547,247.71958923339844
986.0634365081787,477.77001190185547,62.77833557128906,245.7570343017578
1046.556634902954,477.55326080322266,63.89972686767578,246.8383026123047
1156.3365688323975,466.0384216308594,63.18824768066406,249.57379150390625
1184.8130931854248,455.4098663330078,73.63479614257812,248.25213623046875
1189.7881298065186,432.26361083984375,72.67501831054688,253.35299682617188
1183.6860904693604,416.2789840698242,70.99915313720703,248.23008728027344
1194.8031406402588,418.36804962158203,69.8091812133789,249.2345733642578
1221.846113204956,439.4872741699219,69.32998657226562,251.88650512695312
1233.4876384735107,450.3662567138672,66.93011474609375,254.09307861328125
1255.026891708374,462.0583190917969,66.67735290527344,249.36672973632812
1280.790319442749,468.17242431640625,68.51048278808594,251.84390258789062
1311.676752090454,474.3026885986328,71.41675567626953,248.78125
1328.8857326507568,471.2234344482422,63.84376525878906,260.07025146484375
1324.8438053131104,464.73441314697266,73.18915557861328,254.2924346923828
1316.9625492095947,462.1881790161133,69.22016143798828,255.97035217285156
1281.7207698822021,459.24752044677734,73.89149475097656,249.2926483154297
1219.6786632537842,458.19737243652344,71.805419921875,238.75799560546875
1167.9447078704834,449.0165557861328,63.87806701660156,248.072509765625
1095.119228363037,457.72476959228516,60.776065826416016,247.8183135986328
1025.4197635650635,462.3378601074219,57.083534240722656,246.65969848632812
949.046142578125,475.81436920166016,57.38332748413086,243.49473571777344
921.0638446807861,477.9704895019531,60.730796813964844,252.48480224609375
871.4516639709473,479.33995819091797,57.76567459106445,244.4368133544922
833.7328071594238,470.0706558227539,54.72267532348633,251.60386657714844
770.8797626495361,461.02549743652344,54.72478485107422,252.67404174804688
721.5703372955322,458.2852554321289,55.212074279785156,244.7770233154297
695.0349426269531,477.17765045166016,57.42837142944336,239.8226776123047
651.9775123596191,470.9158630371094,54.60731887817383,253.50241088867188
568.6106510162354,468.7115707397461,55.94525909423828,247.1454620361328
501.3518810272217,460.53443908691406,54.54345703125,256.9266052246094
472.87292861938477,454.2685852050781,59.47490310668945,257.8706359863281
470.58372497558594,447.8132629394531,59.26436996459961,259.73077392578125
489.50289154052734,445.36610412597656,58.11738204956055,263.8909912109375
500.2980213165283,441.46961975097656,60.271385192871094,261.8095703125
551.4220771789551,444.0983428955078,57.94844436645508,257.12762451171875
578.308198928833,443.72830963134766,62.12401580810547,253.7871551513672
631.3973064422607,444.39952850341797,55.69659423828125,253.8760528564453
735.0518913269043,468.51644134521484,55.40994644165039,245.5855255126953
839.5511493682861,486.36556243896484,55.79534149169922,245.47325134277344
894.6462116241455,495.95372772216797,57.55980682373047,243.1967010498047
962.3307800292969,510.6734161376953,59.329769134521484,245.14413452148438
1041.6899585723877,516.4615325927734,66.4178695678711,250.10565185546875
1090.0556011199951,510.4384078979492,64.1187744140625,249.71263122558594
1111.1048183441162,488.87391662597656,76.83119201660156,241.92483520507812
1116.4766864776611,458.1908493041992,78.72087860107422,242.7951202392578
1086.5593700408936,429.8481140136719,75.09793090820312,242.13055419921875
1057.8005962371826,417.95743560791016,76.23007202148438,243.5481414794922
1091.7615337371826,430.240966796875,77.04037475585938,246.7584228515625
1113.7993869781494,446.9888229370117,73.97834014892578,250.43470764160156
1102.9909420013428,448.4066848754883,71.79005432128906,250.6711883544922
1081.774564743042,441.7918930053711,69.92044067382812,248.45314025878906
1058.8907566070557,434.46751403808594,70.49897003173828,244.33383178710938
1010.0429096221924,418.9235076904297,66.67894744873047,247.44491577148438
956.4886150360107,406.8734664916992,63.8638916015625,245.1367950439453
916.5095958709717,411.9242630004883,65.20333862304688,243.66136169433594
855.4103107452393,424.9733581542969,65.85869598388672,242.3031005859375
788.7463226318359,448.46282958984375,59.815731048583984,249.82342529296875
720.6342353820801,463.00968170166016,58.9991340637207,241.6670684814453
638.4634380340576,476.2281036376953,60.083160400390625,244.69131469726562
617.4721298217773,480.4315948486328,59.90790939331055,256.9353942871094
543.2471103668213,473.18772888183594,57.91852569580078,261.0420227050781
511.43800354003906,471.3507385253906,56.27450180053711,261.4349060058594
478.3314456939697,480.6741638183594,56.050209045410156,258.30902099609375
411.0205898284912,472.74571228027344,55.97111511230469,269.17877197265625
382.8079128265381,473.5035095214844,61.60087585449219,271.1000061035156
398.01968002319336,488.5859375,59.81589126586914,262.0952453613281
394.41714096069336,482.6609344482422,62.802371978759766,273.43463134765625
395.3297309875488,486.34678649902344,63.07765579223633,264.06500244140625
442.9518527984619,485.41746520996094,62.704444885253906,266.12860107421875
520.8482341766357,500.98609161376953,57.8408203125,255.70008850097656
555.5658092498779,494.9003601074219,57.987518310546875,257.13897705078125
604.3431720733643,484.578857421875,55.02654266357422,256.0633544921875
672.8015480041504,482.4065933227539,56.20598220825195,250.27000427246094
777.4956722259521,476.76605224609375,55.19242858886719,256.12835693359375
835.112174987793,482.1587219238281,59.2611198425293,253.774169921875
869.1350193023682,484.9802780151367,58.110755920410156,250.68885803222656
842.5983638763428,478.38397216796875,64.54780578613281,243.58889770507812
840.2760200500488,469.61912536621094,54.96379470825195,251.85476684570312
829.7613945007324,452.68021392822266,54.845218658447266,250.2453155517578
808.90549659729,436.90281677246094,55.43964385986328,247.01907348632812
764.0359973907471,404.3987731933594,55.37133026123047,248.91162109375
731.1190719604492,395.9324645996094,58.2202262878418,251.29180908203125
726.0511646270752,393.5635681152344,55.489707946777344,261.7680358886719
743.6726207733154,417.9697036743164,54.543548583984375,248.38575744628906
