736.0,166.0,660.0,287.0
696.5132446289062,167.28433227539062,708.1629638671875,285.13470458984375
717.8618774414062,163.7563934326172,678.0687255859375,286.7742004394531
690.6131896972656,164.4771728515625,712.3800659179688,288.438720703125
713.5663757324219,164.2167205810547,684.7802124023438,286.4164123535156
693.3916625976562,165.58497619628895,708.16357421875,285.4549255371094
692.2825012207031,164.41044616699207,708.8239135742188,286.8513488769531
692.6594543457031,165.32939147949207,706.5650024414062,286.2119445800781
691.4275207519531,164.44061279296864,708.5910034179688,287.8916015625
694.85302734375,168.6667785644529,704.0540771484375,287.62738037109375
705.9920654296875,178.1412658691405,694.719970703125,286.22222900390625
703.5023803710938,192.205352783203,697.54833984375,288.07586669921875
717.1416320800781,217.60101318359364,678.7659301757812,291.0845947265625
716.9558715820312,240.11370849609375,680.4769287109375,286.8687744140625
724.07666015625,271.6744537353517,674.2237548828125,287.3665466308594
726.8531799316406,297.34092712402355,670.7366333007812,289.0945129394531
742.3163452148438,334.31033325195324,657.708740234375,284.38262939453125
767.3571472167969,360.2788238525392,632.4304809570312,289.6582946777344
787.9678039550781,377.624969482422,615.1387329101562,287.16021728515625
809.0870361328125,395.7576141357422,597.5389404296875,279.4852600097656
795.1144714355469,418.8515625,613.5836791992188,272.873046875
850.7971801757812,436.35304260253906,556.5345458984375,277.1675720214844
764.201416015625,455.3521881103517,653.568359375,286.0108337402344
717.8182983398438,456.70738220214855,703.9368896484375,273.4888000488281
719.4986877441406,420.1261138916017,693.2265014648438,274.9751892089844
698.06298828125,406.8884735107422,709.67138671875,278.7256164550781
721.43310546875,386.7613525390626,686.434814453125,272.6685791015625
737.0937805175781,374.1859588623048,692.4619750976562,277.9158020019531
782.6482849121094,339.86526489257824,694.7006225585938,291.63409423828125
878.236083984375,309.2416687011721,662.4227294921875,293.94476318359375
974.5750427246094,263.24763488769565,668.9199829101562,294.4440612792969
1010.64794921875,257.9200286865238,664.896240234375,307.3851623535156
1085.3111877441406,243.36157226562534,664.6096801757812,310.365966796875
1130.3323669433594,242.20542907714878,639.7946166992188,307.9540100097656
1127.6222534179688,252.92257690429722,670.5908203125,296.86016845703125
996.1368103027344,293.5925903320315,752.5526733398438,279.87109375
1029.249267578125,334.88700866699253,614.7747802734375,279.6693420410156
882.4129638671875,359.7113189697269,713.61767578125,283.8529968261719
768.3599853515625,412.56208801269577,705.2298583984375,279.5104675292969
717.3076171875,424.00753784179733,717.412109375,291.63433837890625
675.0202331542969,440.8459320068364,723.0155639648438,297.5764465332031
678.1960754394531,447.90405273437545,709.9761352539062,293.9619140625
665.8825378417969,455.64509582519577,713.9088745117188,295.5356140136719
617.5426635742188,490.5596771240239,724.205322265625,272.3222961425781
566.4754028320312,523.3269805908208,715.870361328125,272.1061706542969
529.3269348144532,513.0350341796881,730.2728881835936,298.9432373046875
516.9173889160155,551.3434600830083,716.7871704101564,283.5882263183594
461.9958190917969,560.5827789306645,734.2715454101562,287.9648132324219
401.40869140625,586.5040893554692,740.1820068359375,276.643310546875
366.62405395507824,587.7094421386724,743.1863403320311,279.42596435546875
349.0184326171875,598.1623992919928,744.4630126953125,261.0909729003906
346.93499755859375,591.368743896485,742.4635009765625,257.62078857421875
345.722625732422,564.3229827880866,735.7294311523436,272.6765441894531
340.84754943847656,555.8530883789069,491.3183288574219,264.750244140625
414.9178161621094,494.58268737793037,641.5650024414062,249.61941528320312
400.69140625,433.67059326171943,624.990234375,269.88427734375
342.7647399902344,403.07040405273506,579.5608520507812,251.16900634765625
355.88446044921875,327.5788116455085,669.8848876953125,261.8313903808594
343.0313415527344,271.8010559082038,696.5082397460938,270.11273193359375
338.205078125,248.19273376464912,708.23046875,289.6004943847656
339.3645935058594,285.22955322265693,668.7778930664062,275.954833984375
353.0172424316406,325.60270690918037,720.4479370117188,282.8703918457031
352.2999572753906,378.6642150878913,714.6631469726562,282.82879638671875
352.6139221191406,427.19349670410224,725.2495727539062,292.0083923339844
385.84112548828114,489.40975952148494,710.3568115234376,305.41375732421875
369.25030517578125,508.8337707519537,729.4329833984375,297.73565673828125
370.87014770507824,558.5119018554694,719.8610229492186,307.07421875
382.74969482421886,603.2658691406258,732.8406982421874,314.1861572265625
373.52569580078125,644.4142303466805,740.108642578125,321.0259094238281
409.3132629394531,656.1298675537117,701.8181762695312,318.2595520019531
435.2253723144531,657.3701324462899,655.1777954101562,318.2026062011719
483.955322265625,633.1325836181649,710.1485595703125,329.3849792480469
571.5726623535155,594.6595916748054,634.7756958007814,327.7624816894531
629.4737854003905,561.3418426513678,663.6720581054689,317.3089904785156
701.9272460937501,510.99676513671943,633.8189697265624,314.7025146484375
766.5617065429688,455.7835998535164,653.901123046875,319.95196533203125
811.7348937988281,415.96311950683673,676.4069213867188,323.8818664550781
853.357421875,371.84359741211017,672.840087890625,334.64276123046875
908.2964477539062,329.1791839599616,673.6995849609375,339.2408752441406
942.87841796875,303.52003479003974,690.69580078125,330.1012878417969
1004.3611145019531,257.5510253906258,740.0377807617188,346.5806884765625
1045.2310180664062,233.42749023437568,719.3101806640625,340.6331787109375
1065.7428894042969,230.4982452392585,713.8786010742188,333.1803894042969
1061.4440002441406,227.7041320800788,735.4879760742188,331.41314697265625
1026.3245239257812,243.09257507324298,746.519287109375,331.3916320800781
999.971435546875,257.71485900879,739.40625,323.9723815917969
951.0007629394531,273.48216247558685,720.8268432617188,328.5154113769531
863.0297241210938,297.67413330078216,722.8779296875,322.1007080078125
842.2612915039062,300.76177978515705,706.1787109375,323.3948974609375
810.5319213867188,305.92033386230537,709.399169921875,320.7807922363281
791.0449829101562,315.4857177734382,691.16650390625,315.43115234375
741.1174621582031,328.63224792480537,711.0883178710938,311.6649475097656
710.0700378417969,343.7836914062507,714.3994750976562,306.5322265625
696.8975524902344,359.42149353027423,718.8893432617188,291.3506164550781
722.2388000488281,382.76556396484443,702.7007446289062,277.73193359375
707.547119140625,396.47413635253986,709.0216064453125,265.9766540527344
708.8808898925781,398.3550109863289,698.4486694335938,262.11785888671875
695.6033020019531,399.24423217773506,715.1334838867188,263.97076416015625
614.7227172851562,407.7389221191413,725.7396240234375,267.51165771484375
530.3240051269532,413.6811523437508,718.5824584960936,279.2423095703125
417.158203125,410.07130432128986,749.7747802734375,292.4766540527344
378.48284912109386,408.2638092041025,730.5581054687499,293.9827575683594
304.874786376953,409.47792053222736,747.5892944335939,300.0887145996094
189.19989013671875,422.6925811767586,783.550048828125,303.6430358886719
114.63815307617188,462.1112365722664,790.5176391601562,300.71661376953125
108.44601440429688,499.7340087890633,739.4867553710938,295.3646240234375
43.112213134765625,551.7868194580086,773.2013549804688,311.0308532714844
63.753784179687614,590.1276550292978,804.31201171875,305.51483154296875
126.26153564453148,596.4249572753916,798.6363525390625,316.92889404296875
244.39028930664085,593.3220825195323,769.5419311523438,303.9556884765625
364.70523071289074,563.0662994384775,709.7609252929686,293.6823425292969
460.8409118652344,535.3509826660165,713.4727172851562,286.64605712890625
546.6382751464844,522.7330627441415,705.7293090820312,287.67376708984375
576.308807373047,524.6542053222666,714.3390502929686,284.80255126953125
585.5722045898439,557.1074676513683,718.0823974609374,277.6617736816406
602.1970214843751,589.0118408203138,727.8376464843749,278.6199951171875
619.390625,620.9548950195325,719.5853271484375,282.447021484375
628.7966613769531,628.5800628662122,716.8502807617188,297.0104064941406
644.0625610351562,623.4180450439466,703.6357421875,295.0020446777344
660.8699035644531,583.3436584472669,704.3618774414062,292.88397216796875
680.5350341796875,523.5235290527356,703.18017578125,279.19854736328125
698.103271484375,473.811920166017,696.98291015625,284.14788818359375
696.1476440429688,418.3317718505874,700.7823486328125,276.2114562988281
734.584716796875,373.7232513427749,693.1063232421875,287.9911193847656
745.3467407226562,374.71546936035304,719.791259765625,282.2655944824219
763.6624145507812,369.34523010254065,702.9603271484375,282.6639099121094
763.98046875,350.9232177734391,706.38134765625,288.646484375
758.8755798339844,331.1415557861343,710.6973266601562,290.9895935058594
802.4593200683594,298.2548828125015,702.1224975585938,294.3109130859375
871.4998474121094,262.62599182129054,715.3432006835938,305.5094909667969
986.4014282226562,206.39414978027492,713.757568359375,322.9375305175781
979.7118835449219,209.8183898925796,737.9293823242188,313.26849365234375
985.9584045410156,215.6979064941421,761.6284790039062,317.39459228515625
1048.4859008789062,220.43601989746242,760.039794921875,317.3860168457031
1069.0616760253906,225.10789489746242,777.7442016601562,310.8867492675781
1066.0415344238281,247.12553405761867,799.3196411132812,302.2827453613281
1059.8238525390625,245.27789306640773,781.70751953125,305.6683349609375
1025.2634582519531,277.88258361816565,760.3904418945312,297.7467956542969
985.470458984375,310.5683135986344,736.1854248046875,293.2964782714844
871.3615112304688,366.91664123535304,724.640380859375,297.0961608886719
799.0657348632812,418.28056335449367,716.0726318359375,288.6210021972656
774.4463195800781,434.4485626220718,699.9613647460938,298.4700622558594
732.3575439453125,459.90031433105617,705.605712890625,303.6501770019531
703.5514831542969,488.6778411865249,703.1372680664062,300.7698059082031
681.3036499023438,546.4319152832046,688.3507080078125,299.54412841796875
625.6509094238281,569.1188354492202,718.0099487304688,308.7972412109375
616.4118957519531,582.7046508789077,715.6795043945312,310.224609375
616.7266540527343,559.9983062744154,713.7554321289064,304.5391540527344
624.4586486816407,526.5502929687515,700.0651245117186,308.1070556640625
634.9728088378905,493.905426025392,684.8222045898439,295.51129150390625
627.2663879394531,457.9675903320326,689.9965209960938,295.8868408203125
633.4292907714844,422.6179962158217,679.1537475585938,294.0166931152344
612.5900268554688,383.4180297851576,700.14501953125,289.6641845703125
619.5305480957031,354.74443054199355,688.2525024414062,287.3409729003906
621.22119140625,320.2520141601576,648.8009033203125,292.89892578125
573.4951171875,309.88078308105605,696.586669921875,288.8838195800781
561.7141723632812,289.467193603517,711.651611328125,286.43035888671875
561.6246643066406,266.1609039306654,711.0440063476562,287.6352233886719
562.1719665527344,254.21559143066543,700.4688110351562,285.9289245605469
554.8467102050781,251.00410461425918,706.2725219726562,282.5968933105469
550.8659973144531,281.97558593750136,709.7390747070312,283.90673828125
558.0254211425781,320.17382812500136,699.6583862304688,285.3955078125
546.50341796875,355.34069824218886,711.76123046875,283.6082763671875
545.3453674316406,391.27526855468886,712.7465209960938,279.278076171875
537.8902587890624,433.597106933595,707.3217773437501,287.6429443359375
477.1531677246095,467.34094238281386,722.1516723632811,290.0184326171875
426.3999023437499,489.29565429687625,727.5697021484376,295.1690673828125
352.1306152343749,530.7250976562511,730.2095947265626,302.2628173828125
287.2746276855469,548.191848754884,755.6633911132812,311.3830261230469
274.95965576171875,554.6280670166027,754.6162109375,311.4384460449219
268.0199890136719,542.1639251708996,755.6891479492188,308.2821350097656
277.5312499999999,535.6269989013682,748.7999267578126,304.8042297363281
293.8711853027344,498.1993865966807,736.3870239257812,310.5531311035156
310.9172668457031,447.57478332519634,728.9371948242188,299.9130554199219
300.75335693359364,414.5170593261728,741.2860107421876,301.19281005859375
295.4176025390625,389.7878112792978,747.021484375,299.85418701171875
310.55062866210926,356.8052520751961,727.9290161132814,301.0508728027344
299.24951171875,326.96774291992267,740.1756591796875,299.17230224609375
310.1866455078124,285.58952331543037,725.5769042968751,300.8005676269531
295.9928283691405,263.02604675293026,743.1135864257814,295.8052062988281
292.23236083984375,236.58422851562557,744.8175048828125,297.2440185546875
281.236114501953,219.05363464355514,754.7128295898439,294.0447082519531
279.995880126953,203.89817810058628,757.8530883789064,297.6148986816406
298.8924865722656,195.4119262695316,733.5693969726562,293.5673828125
300.533447265625,185.57365417480503,735.134521484375,293.4808654785156
297.66094970703114,179.48716735839866,732.8188476562501,293.0773010253906
290.85443115234364,170.776824951172,744.5313720703126,295.98101806640625
289.34259033203136,167.6139068603518,744.5817871093749,294.6712341308594
279.9774169921876,190.8569488525394,756.8249511718749,293.0591735839844
285.6074523925781,238.86782836914097,749.6038208007812,290.48480224609375
288.7656555175781,272.8671264648441,756.6040649414062,288.385986328125
295.91207885742176,315.7825927734377,745.4668579101564,284.52587890625
286.3282775878906,345.41294860839866,763.6165161132812,288.4070129394531
299.308807373047,364.56526184082065,749.9797973632811,292.6829528808594
308.0732421875,394.93276977539097,733.0032958984375,286.49017333984375
309.872802734375,410.7618255615238,747.1204833984375,295.7557678222656
351.59808349609386,423.69694519043014,749.3444824218749,294.0858459472656
435.0184326171876,403.9920196533209,714.4854736328124,295.5882263183594
494.85614013671864,383.97729492187545,707.6317138671876,293.9835205078125
598.1871337890624,349.33219909668003,701.1701660156251,295.4275207519531
624.2080688476562,346.6399993896488,690.6678466796875,290.0063781738281
608.856689453125,362.1095886230472,721.55859375,292.85321044921875
609.591827392578,379.0127410888674,725.8535766601564,290.6295471191406
626.0049438476562,383.42601013183616,679.270751953125,296.5411682128906
664.2704467773438,382.33445739746116,691.956298828125,293.2818908691406
680.5278015136719,381.4366912841799,710.9061889648438,292.7875061035156
687.4392395019531,385.8122711181642,702.9086303710938,295.0699157714844
697.2133178710938,391.3835601806642,713.099609375,292.2087097167969
714.6632995605469,392.6961822509767,710.1384887695312,289.0528259277344
734.9751586914062,398.46177673339866,700.1724853515625,284.0985412597656
738.8310852050781,395.26043701171886,696.5942993164062,291.6461181640625
733.5408935546875,394.24177551269554,702.482666015625,289.8086853027344
726.8019409179688,373.43632507324253,710.1387939453125,297.3811340332031
729.0752258300781,348.86856079101585,709.8909301757812,297.77020263671875
752.8064575195312,319.09092712402366,686.594482421875,293.9409484863281
741.465576171875,291.0539703369143,695.2373046875,294.8377380371094
755.2394714355469,257.6618804931644,679.7756958007812,285.1191101074219
750.0477600097656,211.76477050781284,685.0070190429688,292.32666015625
735.1880798339844,160.03861999511741,695.4692993164062,287.7843322753906
713.1819458007811,150.17446899414074,535.5047607421876,283.91192626953125
704.1957092285156,210.3199691772462,331.68621826171875,233.8190460205078
715.7434692382812,235.23680877685558,290.0335693359375,209.03822326660156
469.0251998901367,52.3893280029298,148.65757751464844,470.5783386230469
450.1058578491211,0,152.5344696044922,546.3781127929689
447.5407257080078,0,463.06146240234375,578.5457153320312
925.4745330810547,267.9683837890625,518.778564453125,274.34478759765625
884.0186920166016,298.0335388183594,554.5062866210938,279.80126953125
817.7610626220703,317.14108276367176,619.1326293945312,287.7381591796875
781.0380706787109,338.8593139648435,655.6964111328125,286.90777587890625
719.6130523681641,362.06710815429665,721.8589477539062,296.4942626953125
723.3296966552734,381.23942565917946,714.2633056640625,293.2585144042969
738.4862518310547,416.0608978271481,700.385986328125,287.5685729980469
736.1963043212891,428.46784973144497,705.7056274414062,291.7528381347656
728.3211822509766,437.4061584472654,723.1196899414062,295.71826171875
731.6634063720703,446.04936218261696,719.2521362304688,295.9528503417969
732.9977264404297,450.3733673095701,717.509765625,298.7734680175781
733.8959503173828,461.34159851074196,723.8197631835938,295.9633483886719
743.8840484619141,465.96635437011696,704.7473754882812,298.8942565917969
748.6992950439453,468.8050842285155,708.7733764648438,300.6583251953125
770.5598907470703,470.34930419921864,681.7874145507812,299.61578369140625
768.8374786376953,471.32484436035145,699.4008178710938,297.2831115722656
779.9163360595703,468.2332000732421,691.8529663085938,294.3709411621094
754.3419647216797,475.0691680908202,709.6495361328125,293.2761535644531
705.0825958251953,502.6068115234373,716.0245971679688,280.58941650390625
695.6519012451172,485.0126037597654,710.1676025390625,294.51171875
655.4952239990234,493.8426361083982,718.885986328125,295.0727233886719
610.2043914794922,501.64332580566384,721.9559326171875,297.3097229003906
616.5578460693358,504.99028015136685,693.5952148437501,290.3630065917969
588.5178375244141,493.4400787353512,710.0455932617188,291.4155578613281
577.2379913330078,471.19515991210903,714.5523071289062,296.143310546875
577.9252471923827,445.24758911132767,708.2339477539064,292.3980712890625
565.1891632080078,419.4107055664058,715.2566528320312,297.67291259765625
587.6980133056641,376.47814941406205,700.9259643554688,290.55377197265625
584.1685333251953,341.8015747070308,703.8222045898438,284.13726806640625
610.7482147216797,304.5400543212886,672.3118896484375,286.8292541503906
603.2487945556641,260.82217407226517,679.6353149414062,286.905029296875
600.7405548095703,231.32173156738236,678.0720825195312,285.5502014160156
573.1902313232422,207.78872680664017,710.550048828125,289.7032470703125
570.4602508544921,193.49949645996037,716.1466064453126,285.2507019042969
573.0559539794922,180.64057922363224,715.605712890625,284.3742980957031
582.9033660888673,190.21194458007767,702.7322998046874,266.752197265625
567.0715484619141,194.33494567871048,725.3685913085938,286.3518981933594
564.3045196533203,212.61161804199173,725.4906616210938,289.8680114746094
565.0029449462891,257.2401275634761,709.2387084960938,283.1157531738281
558.1380767822266,296.3734283447261,711.5753784179688,276.2792053222656
566.0943450927734,321.65359497070267,710.4752197265625,280.3480224609375
582.3367156982422,379.53491210937455,678.4071044921875,282.24163818359375
573.6692962646484,398.7864379882808,704.689453125,284.96356201171875
583.2637786865234,432.43290710449173,718.458740234375,283.7509460449219
631.4932403564452,441.10847473144474,709.4777221679689,286.6709289550781
833.7703399658203,445.34683227539006,560.7074584960938,285.7811279296875
783.0522003173828,441.91580200195256,648.1581420898438,285.47607421875
801.7456207275391,423.48506164550724,688.3738403320312,306.1692199707031
871.5502471923828,417.1420745849605,663.7412719726562,294.4362487792969
938.6447906494141,408.0300750732416,624.8796997070312,298.0513610839844
953.8292083740234,405.2518310546868,621.0672607421875,299.73406982421875
972.3564910888672,400.2002105712884,630.682861328125,307.5775451660156
975.7826690673828,391.38069152831963,650.5565795898438,317.3896789550781
1023.0803375244141,372.9729156494134,663.9202270507812,325.4923400878906
1020.0790863037109,363.76113891601494,691.5001220703125,328.274169921875
1019.6021881103516,352.96028137206963,723.9559936523438,326.2186584472656
1016.8930816650391,337.31956481933537,764.8595581054688,337.1525573730469
1017.4023284912109,343.0193023681635,762.164306640625,328.6250305175781
1011.6262664794922,354.65258789062443,735.8218994140625,324.47650146484375
996.5233612060547,356.8361511230462,748.04296875,324.630615234375
974.7193756103516,358.689132690429,741.1094360351562,321.6673278808594
953.6831207275391,365.46971130371026,723.2893676757812,319.2632751464844
932.4233245849609,374.19026184081974,718.2576904296875,313.3126525878906
878.2857208251953,392.8106842041009,710.0730590820312,309.3093566894531
813.2201690673828,416.9109344482415,706.1370239257812,301.8503112792969
752.9375152587891,435.60394287109307,713.5896606445312,297.61273193359375
729.7364654541016,446.0072174072259,684.5869750976562,295.6199035644531
671.5600433349609,453.71844482421807,688.5682373046875,293.85455322265625
607.6819915771484,467.75894165038994,694.001708984375,293.6822509765625
515.7790374755859,489.440353393554,716.2833251953125,295.2504577636719
493.75132751464844,496.6391754150384,721.8350830078125,294.4847717285156
486.3614959716797,487.6708984374993,720.7149658203125,295.49554443359375
482.02415466308594,484.3712310791009,716.401123046875,290.9437561035156
460.9674530029297,479.1348876953118,727.8763427734375,296.09979248046875
457.60987854003906,475.28157043456963,721.1311645507812,293.7986145019531
426.45774841308594,491.36395263671807,731.8985595703125,298.08660888671875
418.60816955566395,514.9979248046867,729.9425659179689,298.79742431640625
427.30763244628895,547.940170288085,720.9547729492189,290.5760192871094
425.4069671630858,584.6506195068349,727.7242431640626,293.7762145996094
425.9986114501953,598.5385131835927,728.7883911132812,306.62579345703125
422.4429473876953,609.8720397949209,735.3240356445312,310.288330078125
417.0718536376953,598.4796905517568,736.9878540039062,303.4568176269531
432.16673278808594,572.1285095214834,721.75146484375,307.6900634765625
427.6933135986327,538.5136260986317,729.2584838867189,309.1809387207031
420.52565002441406,516.2147216796864,734.8268432617188,301.53350830078125
434.6030120849608,471.75593566894406,718.5021972656251,298.2724914550781
434.83262634277344,423.4680023193347,716.6126708984375,293.4964294433594
433.1543426513672,377.76794433593625,714.181396484375,300.11016845703125
431.00209045410156,335.9003601074206,716.3242797851562,299.3145751953125
438.78614807128906,297.5689392089831,702.1427612304688,294.6092529296875
429.02626037597656,266.93180847167844,717.1443481445312,295.1716003417969
421.2676544189452,222.6895904541002,724.3258666992189,298.0597229003906
419.4706878662108,177.23118591308446,725.7919921875001,303.0018005371094
421.82432556152344,153.03120422363133,723.5469970703125,297.1401672363281
418.6262664794923,157.83464050292832,724.1466064453124,290.3746032714844
408.73094177246094,164.39375305175645,735.5250244140625,289.0564270019531
413.13136291503906,181.8349304199205,732.0411987304688,292.012939453125
425.74647521972656,209.6156158447252,718.0184936523438,291.2032775878906
420.70982360839844,236.43940734863145,723.8477783203125,291.5259094238281
423.87864685058594,276.9767303466783,724.3907470703125,285.1271667480469
429.93284606933594,313.516204833983,721.16748046875,290.081298828125
441.4938507080078,370.1371765136705,704.3539428710938,292.301025390625
446.3281707763671,442.87242126464696,709.2229003906251,309.6307067871094
452.92909240722656,489.7841491699204,726.8203735351562,285.304443359375
519.7266998291016,502.8744506835923,723.5338745117188,295.59442138671875
592.5478973388672,491.93794250488133,708.9609375,300.5133361816406
635.2005462646484,486.22373962402196,703.9405517578125,294.6593933105469
632.1412811279297,498.1428375244126,714.290771484375,299.6034240722656
628.3038787841797,514.2484741210923,718.504638671875,297.19073486328125
632.3718414306642,533.4350738525377,711.8269653320311,294.1136779785156
629.4050140380858,539.6187133789048,714.8331298828126,295.80853271484375
646.6067657470703,542.3219757080063,699.1615600585938,290.6199035644531
664.0033416748047,534.5087280273423,676.42041015625,291.74639892578125
680.4552764892578,508.3534393310532,664.4098510742188,287.4872741699219
700.3131561279297,475.9384765624985,639.7457275390625,292.78240966796875
704.2591094970703,441.98387145995946,641.3124389648438,295.1778259277344
725.5055999755859,414.23152160644383,612.9666748046875,289.3944396972656
747.3387603759766,371.5816802978501,596.2411499023438,289.0399475097656
741.7700042724609,348.2340240478501,592.4390869140625,282.1726379394531
769.8176116943359,323.4187622070298,566.311279296875,279.36053466796875
721.6152191162109,286.3440551757798,629.408203125,275.37384033203125
660.4091339111327,273.02508544921716,679.6597290039064,272.63580322265625
628.5423126220703,245.75918579101403,713.2853393554688,262.2088623046875
609.1489715576172,229.8010253906234,728.473876953125,275.90191650390625
607.1833953857422,220.20440673827966,727.829833984375,277.10076904296875
603.2784271240234,221.38124084472497,734.942626953125,285.1849670410156
610.4285125732422,231.5849609374984,723.375244140625,284.33575439453125
618.4405670166014,275.1668243408186,717.1661987304689,265.2422180175781
622.6385040283202,306.449661254881,719.7184448242189,265.4328918457031
633.6771087646484,344.8306732177716,713.2459716796875,277.3717956542969
661.7227325439454,375.96800231933423,715.3001098632811,275.8975524902344
689.7610931396484,380.60296630859204,718.2081298828125,296.56793212890625
705.1615447998047,395.31820678710767,715.8616943359375,284.844970703125
736.6753082275391,395.4605255126935,727.6946411132812,300.6130676269531
796.1316070556641,396.2622680664043,711.6547241210938,291.43170166015625
860.4996795654297,380.4763793945293,695.3372802734375,286.31256103515625
871.0507659912109,367.2000885009745,705.2857666015625,303.8680725097656
875.9501800537109,384.8654632568339,641.7760009765625,300.8765563964844
872.9859161376953,399.8304595947245,684.4192504882812,295.5947570800781
842.4168548583984,408.68600463866983,657.3829345703125,297.22265625
832.6166534423828,412.6273651123025,715.9708862304688,292.9526062011719
818.3266448974609,422.2386627197244,631.3309326171875,288.3474426269531
816.1152191162109,415.79768371581815,607.8642578125,296.6604309082031
813.6070709228516,400.0530700683572,631.9127807617188,305.74609375
854.7830352783203,381.7234497070291,683.6195678710938,313.50982666015625
893.8894500732422,375.4021606445291,694.94140625,316.17962646484375
916.5588226318359,373.83352661132596,718.2493896484375,318.8831787109375
927.8801116943359,375.2543182373025,719.3316650390625,319.5939636230469
967.4430694580078,368.54443359374784,730.9540405273438,316.36065673828125
1039.9628143310547,326.8114624023416,745.452392578125,338.00921630859375
1034.6256866455078,336.3956756591775,772.1925659179688,324.7480163574219
1061.7158966064453,329.41055297851335,778.1400756835938,324.497314453125
1042.8485565185547,337.274993896482,740.7147216796875,330.6744384765625
994.7653961181641,353.4462585449195,734.0361938476562,326.8836669921875
960.9380035400391,372.8564910888649,697.3445434570312,323.3641052246094
891.1987152099609,400.3944549560524,699.0172119140625,309.0827331542969
820.6852264404297,414.3390808105446,703.4786376953125,309.8646240234375
757.8074188232422,424.9220581054665,699.9090576171875,307.48284912109375
707.5355072021484,425.02456665038835,698.216796875,309.26904296875
676.4055633544922,423.1230926513648,714.0455322265625,305.2795104980469
660.3119659423828,412.8385772705054,722.0231323242188,300.4557189941406
642.7929229736328,388.9163970947242,723.7256469726562,288.8981018066406
636.4582366943359,372.85040283202886,722.6907958984375,279.61444091796875
663.5488128662109,323.1772155761695,683.939453125,295.529296875
655.9738616943359,288.0487823486304,698.7906494140625,277.6346740722656
641.4999542236328,219.35456848144293,704.4301147460938,274.0606994628906
684.4021453857422,136.38685607909918,669.76708984375,286.6269836425781
679.4262542724608,158.04661560058344,672.8289794921876,279.1089782714844
731.8872222900391,161.1846466064428,615.6098022460938,283.4663391113281
738.7090911865234,164.43923950195062,609.9034423828125,286.3514404296875
713.3635101318359,185.37139892577875,640.474853515625,278.72613525390625
698.9427337646486,228.51698303222418,649.3291015624999,288.8884582519531
690.1122894287108,255.85797119140375,662.8852539062501,285.13800048828125
683.4970550537109,311.91864013671625,662.61474609375,280.51153564453125
672.5518951416016,356.20506286620844,677.1569213867188,287.2663269042969
644.9382171630858,395.98500061034895,701.8382568359376,285.0244445800781
636.0712432861327,436.13366699218477,708.0684204101564,292.11517333984375
669.0625762939453,456.2632446289035,675.3667602539062,286.30413818359375
663.1867828369141,473.5099182128879,681.5853881835938,289.2745361328125
653.3241119384766,497.38180541991915,693.2655639648438,288.1429443359375
651.4748382568359,508.88330078124727,696.0948486328125,291.06475830078125
648.5371551513673,516.5648040771458,701.5151367187499,291.0685729980469
656.7393951416016,525.7060394287083,695.3705444335938,291.9292907714844
676.1873016357423,537.0734405517553,679.3480224609374,295.3887023925781
694.2229461669922,545.0830993652319,662.2398681640625,292.413330078125
685.6450958251953,542.1878356933569,672.8976440429688,290.5631103515625
691.2729034423828,527.9494171142552,668.1925659179688,288.6998596191406
702.2465057373047,492.2666473388646,650.953125,296.6330261230469
693.2402496337891,472.2769622802708,661.2588500976562,290.0726013183594
685.7571868896484,436.6500091552708,665.2069091796875,293.3577575683594
687.2108001708986,397.9968566894506,665.0963134765624,285.0562744140625
657.7823638916016,352.24377441406,691.4887084960938,293.90997314453125
656.0871429443359,326.6362609863256,693.146728515625,281.9080810546875
651.504653930664,284.36000061034895,694.0357055664064,286.3376770019531
644.4188079833984,257.3420410156224,699.8388671875,287.80767822265625
671.1376190185547,223.98512268066145,669.2242431640625,292.4177551269531
641.6772918701172,200.50036621093489,708.296142578125,285.53570556640625
653.6410064697266,169.1878204345677,693.6390991210938,288.1138000488281
646.2343292236328,163.02186584472395,696.4461059570312,286.6682434082031
649.6973724365234,175.86772155761457,692.7393798828125,286.6471862792969
623.2050933837891,191.75730895995832,718.2057495117188,290.2995300292969
623.5341644287109,219.77777099609114,717.458251953125,286.39007568359375
631.4325103759766,241.85600280761457,716.8890991210938,284.2231140136719
633.1130523681641,272.56947326659895,710.1780395507812,287.2877502441406
634.6332550048827,307.76603698730196,714.1552124023439,284.2488708496094
661.0106964111329,359.8585662841771,695.6763305664061,280.9131774902344
662.625015258789,375.2823333740207,715.0050659179689,294.6270446777344
686.4905548095703,391.7664337158177,716.6380004882812,292.0699768066406
720.7836151123047,392.33537292480196,711.6285400390625,298.1850280761719
786.6374664306641,381.917663574216,691.3109741210938,292.87664794921875
817.6175079345703,359.47169494628633,701.4501342773438,300.0725402832031
888.9108428955078,331.3231964111302,690.8539428710938,304.3158264160156
880.9333953857422,329.6519775390599,712.2410888671875,298.39056396484375
865.5663299560547,340.38568115234114,720.9324951171875,300.90887451171875
826.7364959716797,360.722808837888,720.7569580078125,301.6627197265625
794.4534759521484,391.66949462890364,705.341796875,297.67205810546875
752.5518951416016,403.49284362792696,722.4192504882812,297.7001647949219
726.5100555419922,410.1023254394504,711.4697265625,296.69677734375
666.8571929931641,427.6723480224582,700.2271118164062,299.6731872558594
583.007827758789,474.71382141112997,705.9174194335939,286.3030090332031
557.1611785888672,507.71301269530966,669.648681640625,285.68096923828125
476.4350738525392,518.9800567626926,713.5551147460936,296.1013488769531
420.11061096191395,528.234588623044,716.2506713867189,308.1871337890625
372.17420959472656,527.5538482665987,736.7632446289062,309.1065979003906
341.1566619873047,518.9463043212862,743.2169189453125,308.1255187988281
311.56370544433594,512.7413787841768,746.189453125,304.5768737792969
296.0587921142578,508.01196289062216,755.9124145507812,301.65118408203125
293.5718231201172,500.02279663085653,754.3436279296875,299.796630859375
300.00413513183594,493.15193176269247,746.417236328125,301.3966369628906
300.97975158691395,485.517318725583,747.6948852539064,299.0270690917969
292.0691680908203,458.776107788083,753.5737915039062,300.7091979980469
304.6232147216797,419.352767944333,740.3077392578125,301.8908386230469
302.55503845214844,381.7912292480439,743.42236328125,299.8253173828125
297.9766387939453,344.1909790039033,742.2357788085938,299.14105224609375
308.7051849365233,300.79113769530943,727.2645263671876,299.79278564453125
302.88758850097656,257.9673461914032,731.9622192382812,302.35589599609375
294.39430236816406,235.03703308105162,741.9329223632812,297.1652526855469
284.44386291503906,219.61787414550474,752.8280639648438,297.1789855957031
282.51210021972656,216.6812896728485,755.1470336914062,296.2835998535156
285.6724395751953,241.36294555663756,748.5795288085938,292.2039794921875
287.5402679443358,286.36575317382494,746.9284667968751,288.0155029296875
294.74024963378906,327.14785766601244,744.3584594726562,291.6728515625
297.86927795410156,368.73086547851244,745.6360473632812,288.1365966796875
299.4199371337892,404.48020935058287,739.9345092773436,287.4998474121094
303.6392059326172,440.89375305175474,741.679443359375,291.5232238769531
306.14955139160156,495.0835571289032,750.0805053710938,293.90740966796875
313.7036895751953,512.931655883786,739.0635375976562,295.0348205566406
327.04493713378906,529.6298370361297,749.6173706054688,300.3465881347656
381.1594696044921,522.2322845458953,721.8125000000001,300.4330749511719
476.07411193847656,485.17913818359057,676.9155883789062,310.82928466796875
535.5648345947266,436.5796813964812,688.7489624023438,309.7403564453125
549.2309722900391,414.5168609619109,694.3121948242188,310.4441223144531
551.5550994873046,409.98814392089514,707.4354248046876,303.8455505371094
551.4890289306642,410.13409423827807,713.5425415039061,298.79852294921875
563.0052032470703,405.84349060058275,704.1698608398438,298.0284118652344
564.6096649169921,404.792556762692,703.3549804687501,293.2577209472656
579.3491363525391,400.2787322998014,689.2334594726562,293.8245544433594
569.7088775634767,400.7048034667937,699.1784057617186,293.0496826171875
563.5120086669923,399.0551452636688,703.7529296874999,290.5760498046875
562.7941131591797,394.9481658935516,705.845703125,291.9252624511719
562.3556365966798,391.67597961425486,708.7884521484374,291.8026428222656
566.1585540771484,384.2698669433564,706.8831787109375,293.79345703125
577.0118255615234,382.09883117675486,699.2281494140625,290.6714172363281
571.6037750244141,381.8152923583955,705.1912231445312,289.4830017089844
567.0862884521484,378.989242553708,711.0770263671875,291.5404968261719
574.1105499267578,381.5241851806611,701.9404907226562,289.9169006347656
570.6536712646486,381.9703674316378,706.7336425781249,290.830078125
588.9897918701172,378.23376464843466,693.92626953125,290.76898193359375
585.9049835205078,375.4288940429659,704.5065307617188,290.10589599609375
611.2067413330078,366.78291320800497,695.6973266601562,293.8956604003906
607.1821136474609,362.7486419677706,703.9765625,291.5827331542969
632.078842163086,360.0754241943332,680.5679931640624,288.8761901855469
653.7092742919922,354.84217834472383,660.446044921875,287.7674865722656
670.1062774658203,339.4606475830051,648.9285278320312,286.3032531738281
685.6894683837891,324.10258483886446,640.6565551757812,287.8726501464844
