705.0,159.0,97.0,136.0
774.4725494384766,191.17431640625,92.25387573242188,136.134033203125
779.2146263122559,200.77533721923828,90.85749053955078,135.03099060058594
774.0688285827637,213.20974731445312,91.14392852783203,131.37661743164062
806.6096115112305,238.42648315429688,89.04261779785156,132.79745483398438
838.6408805847168,263.4024353027344,86.5325698852539,128.54653930664062
811.4204483032227,264.0666961669922,87.71061706542969,130.8975830078125
763.6863708496094,253.80770874023438,87.64947509765625,130.65939331054688
693.6210517883301,239.9454574584961,88.1082992553711,134.30784606933594
656.648754119873,237.36487579345703,92.90082550048828,136.45091247558594
674.4596977233887,252.83361053466797,83.99707794189453,130.1671905517578
710.2086296081543,270.8795700073242,89.96204376220703,132.07566833496094
806.7590560913086,304.6692352294922,94.28483581542969,133.17620849609375
859.7916488647461,321.2739486694336,88.99131774902344,130.30332946777344
878.3681259155273,332.62660217285156,90.09147644042969,128.88720703125
834.9634208679199,317.68584060668945,87.60248565673828,127.41793060302734
729.4542083740234,277.80010986328125,90.47502136230469,132.15579223632812
662.2102661132812,250.87144470214844,87.55314636230469,135.25750732421875
626.8775329589844,238.8071060180664,94.57383728027344,134.59007263183594
637.4485855102539,237.4062728881836,89.5750732421875,134.95802307128906
649.6301803588867,241.82160186767578,90.5863037109375,133.1894989013672
587.085765838623,221.73731994628906,96.52916717529297,137.15625
482.6270561218262,177.65960693359375,94.63745880126953,142.62600708007812
413.68716049194336,146.99980926513672,98.43213653564453,144.44761657714844
431.7079734802246,153.62226104736328,102.10431671142578,144.8041534423828
491.6650695800781,178.17544555664062,97.43682861328125,138.31417846679688
620.9945526123047,227.82027435302734,92.54476928710938,133.8870086669922
661.9283828735352,241.43789672851562,88.56901550292969,132.734619140625
752.527286529541,271.50758361816406,90.87017059326172,132.91439819335938
862.1701049804688,300.3643035888672,88.7843017578125,131.737060546875
926.492847442627,317.9405288696289,86.97017669677734,128.5442352294922
985.5237236022949,330.1520652770996,86.2140884399414,127.94620513916016
988.658748626709,328.7113800048828,87.78946685791016,130.09393310546875
940.0550422668457,313.1281204223633,89.10900115966797,130.3268280029297
837.2270164489746,272.95555114746094,89.75847625732422,133.91256713867188
788.8823738098145,256.60801696777344,88.76819610595703,131.538818359375
724.2888412475586,237.80313873291016,91.18832397460938,133.4967498779297
675.925838470459,224.19098663330078,90.57701873779297,136.77696228027344
627.6591682434082,213.1505355834961,89.93033599853516,133.91419982910156
630.8914375305176,218.84004974365234,89.26508331298828,136.50697326660156
628.7942428588867,230.2914047241211,89.02615356445312,133.3388214111328
541.3539276123047,215.23114013671875,94.34620666503906,134.83880615234375
458.06604385375977,199.48242950439453,96.72315216064453,140.1654510498047
440.2775993347168,201.96155548095703,100.69625091552734,140.12379455566406
442.83343505859375,214.9197006225586,98.35346984863281,139.29185485839844
451.02304458618164,219.95854949951172,100.65387725830078,138.23072814941406
534.3796653747559,253.43538665771484,100.36800384521484,136.0720977783203
606.5467185974121,278.7527770996094,94.8966293334961,130.3360595703125
670.4388122558594,297.2564926147461,90.16029357910156,129.4689483642578
706.9143180847168,309.8466148376465,89.71184539794922,127.28528594970703
775.8662414550781,335.08062744140625,92.47785949707031,130.25552368164062
835.6060523986816,359.5564498901367,87.64569854736328,126.23915100097656
870.6625213623047,371.7565498352051,85.84892272949219,126.10594940185547
854.832145690918,355.00165939331055,83.96160888671875,124.87772369384766
864.9716491699219,341.0478973388672,83.98960876464844,124.9835205078125
918.3212280273438,363.3826370239258,86.43260192871094,129.64463806152344
966.2443428039551,401.7166290283203,87.87274932861328,128.18167114257812
1001.3726539611816,452.68318939208984,86.29520416259766,127.21968078613281
917.651782989502,451.95903396606445,88.19493865966797,127.63277435302734
879.164608001709,423.2449417114258,86.42493438720703,127.35765075683594
947.9785194396973,391.711727142334,87.88268280029297,125.15482330322266
856.0613975524902,341.8520278930664,88.77010345458984,128.20631408691406
778.5996742248535,285.87733459472656,86.26825714111328,130.36117553710938
790.0663261413574,257.0816116333008,86.56926727294922,128.7306365966797
717.2273979187012,214.20677185058594,87.43209075927734,133.96884155273438
622.6302070617676,180.559814453125,89.37479400634766,136.4390869140625
573.7322082519531,173.54168701171878,91.53599548339844,134.6903381347656
542.7945442199707,181.85969543457034,92.5540542602539,136.7956848144531
510.96548080444336,212.07987213134766,94.02629852294922,139.8015594482422
547.7362098693848,269.8892517089844,92.4307632446289,136.2730712890625
616.7545051574707,353.21276473999023,91.81195831298828,127.97602081298828
626.311882019043,401.84004974365234,88.30352783203125,130.1834259033203
671.9840126037598,477.62527084350586,90.43814849853516,127.57312774658203
783.9618911743164,519.5138778686523,90.90036010742188,127.91340637207031
918.6065521240234,534.0818862915039,93.08448791503906,128.26683044433594
1027.8455505371094,529.5441284179688,95.64714050292969,126.78402709960938
1056.020076751709,576.541748046875,73.60491180419922,177.54623413085938
873.4394950866699,533.4798049926758,92.08010864257812,110.81092834472656
986.7061862945557,486.8580093383789,60.09970474243164,104.28535461425781
1028.4733963012695,500.9987487792969,100.7460708618164,81.56646728515625
1040.7789764404297,466.7014846801758,75.18437957763672,183.80894470214844
931.6565856933594,425.99829864501953,94.41326141357422,185.51170349121094
917.7900733947754,410.92606353759766,141.56016540527344,185.77720642089844
1109.6316566467285,318.3088684082031,107.87724304199219,147.48959350585938
999.7672576904297,359.95898056030273,76.53723907470703,111.59696197509766
855.8685836791992,407.7652702331543,84.90939331054688,107.5209732055664
745.0822715759277,439.55539321899414,90.56729888916016,110.18880462646484
867.6041412353516,470.9173278808594,107.7041015625,166.92404174804688
966.0336418151855,398.45812225341797,88.40326690673828,128.3114471435547
872.8146209716797,403.65239334106445,94.208984375,127.00853729248047
709.6764373779297,377.6762924194336,88.13839721679688,127.07917785644531
643.6261787414551,357.79080963134766,85.9518051147461,126.14799499511719
714.3512535095215,319.04280853271484,86.27417755126953,124.37608337402344
701.566463470459,300.99156188964844,90.6956558227539,127.23361206054688
630.7646026611328,256.74090576171875,91.9541015625,129.14947509765625
665.2123908996582,239.65694427490234,91.81075286865234,130.6772003173828
698.2538566589355,226.84651947021484,91.4480972290039,130.0084991455078
724.8742523193359,228.73006439208984,93.22445678710938,132.5978546142578
800.0563621520996,250.5116424560547,94.57733917236328,129.92584228515625
916.5440292358398,292.1090621948242,93.06141662597656,130.71141052246094
940.9226837158203,318.35909271240234,90.1434326171875,128.10707092285156
923.0429992675781,320.3228302001953,91.68084716796875,132.22854614257812
922.2902603149414,326.5879211425781,90.97367858886719,129.78515625
922.1659164428711,340.06031036376953,90.55610656738281,128.4003143310547
896.1690940856934,351.83902740478516,90.94324493408203,129.8070526123047
809.8877792358398,333.8956985473633,92.25349426269531,128.7168426513672
650.7339515686035,290.0440139770508,94.04542541503906,129.29603576660156
605.3923530578613,281.78057861328125,97.19197082519531,130.84024047851562
613.0953025817871,286.9383316040039,93.88644409179688,132.8905792236328
661.5865325927734,299.3030090332031,95.15190887451172,130.19442749023438
720.6859855651855,318.65854263305664,90.92242431640625,127.77391815185547
722.2704238891602,315.25057220458984,91.28998565673828,129.9195098876953
734.2491455078125,315.59293365478516,94.20623016357422,131.7417449951172
803.1384620666504,330.4105911254883,91.80583190917969,128.18528747558594
821.0536041259766,334.9046401977539,91.0952377319336,131.00953674316406
834.0528945922852,333.91592025756836,88.23908233642578,127.35541534423828
891.2405586242676,345.21559143066406,88.57127380371094,127.74539184570312
945.3444023132324,356.35515213012695,87.85784912109375,126.63665008544922
939.9195365905762,351.71416091918945,87.65850830078125,127.90743255615234
882.7732124328613,336.8947944641113,89.01948547363281,126.3838119506836
775.470703125,308.76927947998047,90.9856185913086,130.05638122558594
759.0093269348145,315.0951919555664,99.79014587402344,132.9629669189453
759.8526649475098,328.3054962158203,92.65171813964844,130.83203125
655.4575080871582,298.6465530395508,96.41557312011719,132.3505401611328
486.38651275634766,225.43161010742188,98.09459686279297,135.11062622070312
401.4083061218262,186.73047637939453,100.70719909667969,138.86561584472656
360.8728904724121,169.34779357910153,105.53919982910156,141.3527526855469
326.87492752075195,156.55647277832034,104.79791259765625,141.12203979492185
214.97744750976562,108.54251861572266,113.58975982666016,144.57337951660156
163.45944595336914,79.75405883789062,120.16537475585938,150.63027954101562
244.79785919189453,99.69910430908203,114.3237533569336,147.3274688720703
381.56396865844727,153.1614532470703,108.16091918945312,141.89044189453125
479.7180519104004,183.38716888427734,101.50827026367188,136.24180603027344
619.4110641479492,216.0423583984375,98.94591522216797,135.53305053710938
742.8855209350586,250.78077697753906,94.15135955810547,133.340087890625
805.9636306762695,271.1173400878906,88.7558822631836,128.04000854492188
872.2112274169922,287.57112884521484,93.47113800048828,131.20387268066406
967.3111267089844,320.6612014770508,90.0547866821289,130.1291961669922
1048.500789642334,352.1647033691406,88.97416687011719,130.06802368164062
1107.0906295776367,379.41319274902344,88.58501434326172,130.39007568359375
1116.2367630004883,389.27520751953125,97.3291244506836,133.75973510742188
1145.8123512268066,402.5410919189453,89.03018188476562,129.63131713867188
1167.3930625915527,407.5417709350586,88.10362243652344,129.7454376220703
1150.70951461792,422.7399101257324,88.93238830566406,126.88013458251953
1091.3054275512695,466.4030303955078,87.23302459716797,124.67068481445312
1033.4732208251953,514.6389312744141,88.43604278564453,127.36593627929688
900.5568466186523,564.1189041137695,89.52263641357422,125.77476501464844
807.788013458252,595.0360679626465,88.19822692871094,127.66178131103516
757.726203918457,601.6915168762207,86.80042266845703,127.10094451904297
692.1022796630859,578.8242645263672,89.59880828857422,126.82144165039062
659.3423385620117,548.5279006958008,88.35135650634766,128.51036071777344
603.8617286682129,488.3565254211426,89.60627746582031,126.7372055053711
516.228572845459,426.65323638916016,96.01101684570312,130.1536102294922
493.2491455078125,395.00016021728516,97.6667709350586,133.2026824951172
479.8845443725586,343.9897155761719,101.90479278564453,135.10464477539062
426.62114334106445,311.5199508666992,102.43394470214844,134.5242156982422
366.69418716430664,280.85526275634766,105.54130554199219,139.73829650878906
346.33280181884766,261.04395294189453,109.44812774658203,137.10765075683594
327.31641006469727,255.18717193603516,107.81013488769531,138.91551208496094
328.1740531921387,259.4014663696289,105.55349731445312,139.76905822753906
397.10544204711914,284.9967346191406,103.03678894042969,134.71133422851562
501.0991859436035,324.1332015991211,102.54795837402344,134.49937438964844
649.1415939331055,354.93406677246094,92.59882354736328,126.8531494140625
739.5303573608398,369.8712959289551,87.34949493408203,127.01757049560547
825.8375434875488,368.45230865478516,86.22871398925781,126.69715881347656
888.0060729980469,359.0720977783203,86.57274627685547,125.11798095703125
938.5462036132812,320.212589263916,83.33263397216797,126.94506072998047
917.7318382263184,268.0983200073242,86.74057006835938,129.19923400878906
859.0781936645508,233.97452545166016,90.13587188720703,126.63536071777344
694.9598960876465,171.82668304443357,85.83739471435547,128.79512023925784
651.7007102966309,154.07622528076172,88.08525848388672,135.3350067138672
611.9860038757324,151.55821990966797,92.45345306396484,138.30421447753906
469.40824127197266,150.5229034423828,96.97987365722656,140.93798828125
469.05426025390625,162.42525482177737,95.20217895507812,137.0507659912109
470.22813415527344,181.38595581054688,95.946533203125,134.71621704101562
378.41557693481445,224.14730072021484,100.7606430053711,136.6404266357422
350.0382194519043,255.1351089477539,103.6830825805664,140.25990295410156
229.30785369873047,269.71663665771484,109.79519653320312,142.2235565185547
184.43972396850586,264.31400299072266,112.72515106201172,146.67601013183594
139.21622467041016,232.7735824584961,116.32373046875,145.73191833496094
7.146759033203125,171.28964233398438,121.41001892089844,151.35574340820312
52.567745208740234,149.70772552490234,125.11058807373047,154.8597869873047
200.0240936279297,146.8865203857422,113.90614318847656,146.63629150390625
339.29008865356445,152.6246795654297,108.26313018798828,143.64990234375
444.5751724243164,158.09993743896482,101.32369995117188,137.20195007324222
535.4247932434082,172.38494110107422,99.64856719970703,137.6068572998047
627.9808235168457,210.0720672607422,96.15576934814453,133.8231201171875
669.8829345703125,243.40506744384766,107.36289978027344,143.5572052001953
741.6230087280273,329.0469207763672,93.80120849609375,130.57855224609375
795.4626960754395,409.66426849365234,93.47492218017578,129.6661834716797
826.3458862304688,508.1800880432129,89.01692199707031,126.88777923583984
803.848503112793,538.7009048461914,87.46624755859375,128.7637481689453
747.3882637023926,559.1326637268066,88.07099151611328,126.58260345458984
678.0793190002441,582.2482986450195,92.30481719970703,129.57884216308594
697.410758972168,605.0122947692871,89.56988525390625,126.19312286376953
733.4890098571777,589.1597137451172,84.3165512084961,124.5810546875
744.5213890075684,563.73095703125,88.82787322998047,128.17974853515625
763.4575958251953,506.4752731323242,89.06910705566406,125.68864440917969
732.3799743652344,416.10223388671875,93.33558654785156,125.17515563964844
739.990909576416,338.94349670410156,92.2138442993164,129.64503479003906
736.1071624755859,229.72791290283203,98.16682434082031,130.46844482421875
743.0430030822754,116.81246948242188,102.00605010986328,137.24514770507812
758.7983169555664,27.203506469726534,104.09902954101562,141.38943481445312
773.4509887695312,2.1248626708984375,96.41368103027344,94.73382568359375
780.4223136901855,2.0429229736328125,95.06221771240234,63.26226806640625
812.7695922851562,2.6195621490478516,93.12950134277344,45.16709518432617
873.1451721191406,3.218761444091797,93.77867126464844,44.53168487548828
940.790958404541,3.28790283203125,97.97565460205078,47.168365478515625
1062.9219417572021,2.739076614379883,58.045475006103516,60.13131332397461
1084.45023727417,2.5501632690429545,93.54943084716797,67.87994384765625
1111.0650787353516,2.140155792236314,94.27113342285156,110.3433609008789
1165.0282592773438,26.810890197753906,94.02165222167969,144.8997802734375
1173.8283882141113,103.62377166748047,94.9595718383789,140.14328002929688
1171.3264389038086,177.18964385986328,94.80776977539062,135.78363037109375
1174.1336212158203,265.92711639404297,94.07240295410156,135.30758666992188
1172.5724906921387,323.52904510498047,93.85955047607422,131.73513793945312
1121.6196403503418,339.0288772583008,94.16985321044922,130.574951171875
1071.5588302612305,336.0735626220703,91.68197631835938,130.4287567138672
1013.5537528991699,306.13871002197266,92.1655502319336,129.99649047851562
980.2474899291992,277.84478759765625,91.90093994140625,130.05250549316406
983.1429023742676,259.03101348876953,91.21488189697266,131.20339965820312
1047.7142295837402,267.37071228027344,101.8853988647461,137.7983856201172
1116.541877746582,279.7908020019531,92.03448486328125,132.0455780029297
1146.63521194458,270.7830505371094,91.1156997680664,129.9918670654297
1064.8519554138184,234.6585464477539,89.77400970458984,130.58712768554688
1038.5961456298828,199.86273193359375,88.95881652832031,130.92149353027344
1116.2433166503906,130.11428833007812,89.57298278808594,130.6247100830078
1094.951919555664,54.90138244628906,88.94187927246094,137.25489807128906
1083.0998497009277,9.105484008789091,91.86504364013672,138.8451690673828
1090.4815864562988,1.7702255249023722,88.75012969970703,133.70095825195312
1068.9092559814453,1.7632217407226847,90.86405944824219,139.6163330078125
1054.1346473693848,61.56561279296878,93.5978775024414,140.69068908691406
1061.2901306152344,141.33384704589847,89.94764709472656,138.55082702636716
989.035213470459,224.39382934570312,93.40157318115234,133.90565490722656
818.2645263671875,301.5539779663086,94.29127502441406,128.11807250976562
765.5543594360352,343.02406311035156,89.7591552734375,129.42857360839844
764.8297882080078,399.77894592285156,86.92155456542969,128.83348083496094
721.6169815063477,450.50274658203125,89.56817626953125,129.17762756347656
744.2935333251953,481.2512741088867,89.32856750488281,128.86904907226562
772.1364936828613,495.69284439086914,85.91959381103516,124.82501983642578
742.0756759643555,511.3174133300781,87.3544921875,125.60252380371094
715.8071784973145,543.1454315185547,85.93323516845703,128.10752868652344
774.959114074707,568.8502426147461,86.48104858398438,129.78082275390625
829.2118873596191,586.634391784668,84.97940826416016,123.82321166992188
881.1468162536621,563.0298690795898,85.58409881591797,128.01504516601562
934.9258842468262,522.3099937438965,87.33748626708984,125.6006088256836
968.4651145935059,446.9596061706543,87.51476287841797,126.4139633178711
1022.4045906066895,347.9075164794922,88.48511505126953,126.71321105957031
1048.7567596435547,276.22562408447266,88.94075012207031,129.85946655273438
1047.5977668762207,226.72056579589844,88.10535430908203,131.9297637939453
1061.1702766418457,188.85433959960938,91.55554962158203,130.12571716308594
1112.6986961364746,178.20359802246094,90.30895233154297,131.60902404785156
1168.9039421081543,164.14786529541016,90.27925872802734,132.05075073242188
1127.3985900878906,163.1674041748047,96.41255187988281,135.35289001464844
1098.2688903808594,185.6234359741211,87.86149597167969,133.13284301757812
1107.9642486572266,213.1884307861328,91.21318054199219,134.3772430419922
1090.862491607666,247.00897979736328,86.9106216430664,132.10104370117188
1065.8583526611328,272.6884231567383,88.49766540527344,130.14962768554688
997.8324279785156,278.77254486083984,92.90919494628906,131.03750610351562
943.3516311645508,273.2481117248535,86.59799194335938,127.24146270751953
933.3220710754395,259.3176727294922,90.32300567626953,129.11192321777344
912.0761909484863,253.48703002929688,89.55316925048828,131.52418518066406
873.100959777832,252.89205169677734,92.940673828125,131.57614135742188
833.6473388671875,256.14257049560547,93.28898620605469,131.46414184570312
829.9514579772949,261.36388397216797,89.61678314208984,131.84793090820312
800.5623474121094,263.2377014160156,88.90052795410156,131.1212615966797
771.0773735046387,264.12410736083984,88.58162689208984,130.79190063476562
753.0380935668945,269.07640838623047,88.472900390625,130.90887451171875
753.6468124389648,271.39888763427734,87.63735961914062,131.5975341796875
726.3606948852539,273.61458587646484,88.07391357421875,130.58554077148438
687.5163459777832,273.38912200927734,92.74201202392578,132.1240234375
673.3291435241699,268.7875061035156,90.45287322998047,128.6903839111328
632.6964645385742,254.1566162109375,92.53256225585938,129.5246124267578
595.7918090820312,242.9347686767578,92.40840148925781,132.4842987060547
591.6222496032715,236.47309112548828,91.2658920288086,132.28964233398438
570.2300109863281,231.74675750732422,92.23042297363281,133.8035888671875
552.4232978820801,231.33939361572266,95.0224380493164,136.53961181640625
530.5663146972656,230.03482055664062,94.12934875488281,135.2789764404297
478.68226623535156,226.65128326416016,95.10160827636719,136.35122680664062
462.75037384033203,220.3099822998047,96.2884521484375,137.49208068847656
447.30859756469727,212.06153869628906,96.4339370727539,136.1665802001953
475.7773628234863,210.05208587646484,97.47223663330078,137.97821044921875
542.0254516601562,205.42979431152344,91.74278259277344,132.41017150878906
534.8894271850586,196.8679962158203,93.41024780273438,137.7550506591797
588.6814041137695,191.44632720947266,92.77490234375,132.4505615234375
638.8370323181152,188.6047592163086,92.5232162475586,132.81234741210938
674.4922294616699,181.54493713378906,90.90868377685547,131.23841857910156
675.6164588928223,177.03304290771484,91.30377960205078,134.66162109375
691.9905395507812,179.6417999267578,94.58543395996094,133.05601501464844
722.0539627075195,172.41643524169922,92.45498657226562,130.90579223632812
756.7133407592773,165.25743103027344,91.59246826171875,133.2579803466797
765.358325958252,167.6593170166016,91.98035430908203,134.44535827636716
797.4982643127441,181.54898071289065,91.6119155883789,132.9266204833984
838.0462951660156,199.64238739013672,91.00059509277344,129.99481201171875
841.4363594055176,207.72552490234375,90.42191314697266,133.2530059814453
868.3857002258301,210.77257537841797,91.16059112548828,133.13104248046875
900.7506217956543,207.40325927734375,89.61934661865234,131.6782684326172
913.7023010253906,205.0293197631836,94.89576721191406,132.29843139648438
969.1247634887695,208.8923110961914,89.55511474609375,131.18984985351562
981.7413940429688,218.8595962524414,89.60035705566406,130.775634765625
977.7553863525391,228.55865478515625,89.49491882324219,130.52064514160156
1016.3337097167969,234.14495849609375,89.00767517089844,130.88169860839844
1030.6749267578125,245.0537109375,93.34873962402344,132.79856872558594
1042.809726715088,270.3268814086914,91.83191680908203,132.14044189453125
1056.1365242004395,285.44356536865234,95.62232208251953,131.6617431640625
1027.4763793945312,305.85216522216797,90.07511901855469,127.09576416015625
1016.2299880981445,322.8722610473633,91.58975219726562,127.57369995117188
1002.9913864135742,340.3598403930664,92.2733154296875,126.76666259765625
1002.3160362243652,369.2420120239258,87.97911834716797,129.4810791015625
1005.7925109863281,398.6474609375,88.53950500488281,129.5195770263672
959.4652481079102,414.237117767334,89.14630126953125,127.92827606201172
909.0079689025879,418.8299331665039,88.01065826416016,127.71432495117188
881.1489372253418,425.54386138916016,86.03423309326172,128.448486328125
833.9126281738281,433.4196090698242,86.04545593261719,128.30892944335938
821.7347717285156,447.3167839050293,90.27644348144531,125.3835678100586
838.2014350891113,457.64916229248047,90.4021987915039,126.60345458984375
835.1248435974121,466.4715576171875,85.75438690185547,126.31575012207031
807.4436531066895,453.094539642334,84.81763458251953,124.02465057373047
769.0596504211426,415.904109954834,87.48087310791016,124.48323822021484
751.3336868286133,385.88831329345703,90.57015991210938,129.47900390625
754.5561866760254,350.7399024963379,87.21057891845703,125.61844635009766
743.115535736084,320.41776275634766,89.9448471069336,130.46630859375
743.6075592041016,299.1206359863281,87.16377258300781,131.1137237548828
771.6065979003906,285.3798713684082,89.18467712402344,127.9144058227539
827.3448753356934,270.8759460449219,88.20879364013672,127.21455383300781
892.5632286071777,259.08853912353516,85.90587615966797,129.47811889648438
961.0527534484863,257.19178009033203,89.91492462158203,130.05328369140625
999.9582824707031,254.77212524414062,91.04414367675781,130.8098602294922
1038.4528007507324,245.44891357421875,89.07384490966797,126.98716735839844
1082.5586166381836,230.89180755615234,91.65921020507812,128.96466064453125
1124.1231689453125,206.50835418701172,88.00398254394531,132.17910766601562
1117.489990234375,195.2371826171875,90.84327697753906,131.3684539794922
1108.3788414001465,204.22335052490234,94.9638900756836,132.84466552734375
1097.535701751709,232.48748779296875,96.40886688232422,133.8738555908203
1067.476161956787,255.30975341796875,96.38170623779297,131.4745330810547
1056.4859161376953,260.02225494384766,99.99290466308594,135.1258544921875
1034.7237396240234,274.2578659057617,94.10304260253906,132.35943603515625
1018.2170944213867,304.1915969848633,99.58209228515625,130.96539306640625
1015.043830871582,319.6012649536133,93.83795166015625,130.33767700195312
1006.3181076049805,330.5316390991211,94.80691528320312,130.14212036132812
983.5556449890137,351.1926727294922,90.73973846435547,129.01759338378906
975.807056427002,372.3405570983887,90.03836822509766,127.0901107788086
969.0279006958008,393.29510498046875,90.46075439453125,127.63658142089844
954.8863105773926,420.22310638427734,95.4197769165039,128.33450317382812
957.9043617248535,434.94590759277344,90.78092193603516,127.74687194824219
964.1024131774902,454.2364845275879,88.53792572021484,126.40906524658203
962.1726341247559,470.1433219909668,89.08428192138672,124.8724594116211
985.2980918884277,481.6009521484375,91.10701751708984,125.79133605957031
1045.22993850708,497.4120292663574,87.67496490478516,126.31771087646484
1049.314853668213,514.274097442627,88.1924819946289,125.73163604736328
1074.9137687683105,536.2801856994629,87.20284271240234,126.64871978759766
1096.6509437561035,553.6072196960449,87.27909088134766,125.9309310913086
1139.733066558838,563.5665168762207,92.9228286743164,126.50589752197266
1170.9177207946777,552.558837890625,90.80953216552734,126.97309875488281
1174.9040451049805,526.3986740112305,91.52810668945312,130.24618530273438
1180.705551147461,498.47620391845703,90.11940002441406,128.550048828125
1211.2120361328125,438.9610290527344,91.28288269042969,129.6195831298828
1222.981533050537,417.6870880126953,95.93294525146484,130.1334991455078
1197.0785369873047,385.48822021484375,90.33839416503906,127.88142395019531
1200.0170974731445,367.31664276123047,89.34942626953125,130.12277221679688
1171.4425964355469,330.18468856811523,85.82749938964844,126.43441009521484
1175.174472808838,301.0338821411133,86.74613189697266,132.3936767578125
1186.5691032409668,262.0588073730469,88.15489959716797,126.29112243652344
1179.9400596618652,241.8949737548828,86.93822479248047,130.32252502441406
1151.344612121582,213.40780639648438,87.56573486328125,133.58729553222656
1121.2141494750977,179.1946029663086,85.64193725585938,133.165283203125
1115.9013366699219,159.90710449218747,87.16465759277344,132.28959655761722
1096.4065437316895,141.4052734375,84.78791046142578,133.61277770996094
1093.6090354919434,129.19368743896484,85.58019256591797,131.25576782226562
1084.9181594848633,105.97994995117188,87.73611450195312,134.5312042236328
1046.2705993652344,85.48682403564453,89.72544860839844,135.21395874023438
1032.2963180541992,78.95684814453125,90.43841552734375,137.11122131347656
1002.8875465393066,77.68223571777344,88.82547760009766,137.5720672607422
915.0856399536133,89.5653381347656,90.25885009765625,136.22547912597656
883.1776657104492,96.45417022705075,89.09014892578125,136.97564697265625
818.199577331543,111.41841125488281,87.88336181640625,133.69557189941406
737.882266998291,113.67340087890625,88.9676284790039,137.9765167236328
695.7344703674316,103.11585998535156,91.6966323852539,137.19850158691406
652.5777359008789,84.65282440185547,94.2847900390625,139.94357299804688
617.242504119873,65.183837890625,94.13835906982422,140.90126037597656
578.5847778320312,42.458526611328125,95.84599304199219,143.43263244628906
542.0337600708008,28.10741424560547,97.25830078125,143.73300170898438
508.15951919555664,18.694320678710938,96.1910171508789,147.28892517089844
465.2382583618164,3.351165771484375,98.91763305664062,146.47227478027344
418.0022850036621,0,101.46837615966797,137.52428436279297
374.071475982666,0,102.7952651977539,128.45882034301758
334.0597724914551,0,103.5986099243164,128.27842140197754
331.9240531921387,0.15837955474853516,102.04143524169922,124.50182342529297
312.55970001220703,0,107.978759765625,134.38730335235596
314.6947135925293,0.5858101844787598,105.9239730834961,140.65440368652344
382.20893478393555,18.119860172271757,101.6402816772461,149.80938720703125
397.87738037109375,38.476603031158476,102.27537536621094,147.5883331298828
385.7264213562012,70.76794672012335,105.09078216552734,150.34500122070312
379.8018569946289,98.488085269928,101.39971923828125,146.89520263671875
398.39633560180664,155.17691278457647,102.15888214111328,138.42941284179688
439.7654228210449,196.46481561660772,103.25341033935547,136.81747436523438
453.2822151184082,222.07007837295538,101.9424819946289,135.8737335205078
458.3358268737793,234.0956444740296,100.1158676147461,136.42852783203125
534.8236122131348,254.0747323036195,101.1806411743164,132.64768981933594
629.0716667175293,270.6165261268617,97.0842514038086,133.9925994873047
740.603946685791,299.15745782852184,93.1645278930664,129.55093383789062
806.8981971740723,338.35024881362926,90.35501861572266,127.60846710205078
857.3940238952637,389.29812860488903,87.13741302490234,127.52532958984375
917.2751350402832,417.43802881240856,88.86927032470703,129.13563537597656
976.406681060791,407.2346024513246,88.16092681884766,126.5693130493164
1027.85152053833,384.8707756996156,89.76764678955078,128.268798828125
1125.8670196533203,331.47168970108044,94.25965881347656,129.4102020263672
1179.0854568481445,273.4268364906312,90.87417602539062,131.75112915039062
1218.4074020385742,206.25292444229137,91.15350341796875,131.82310485839844
1241.1934928894043,150.6762948036195,90.1526107788086,137.63487243652344
1226.9067764282227,128.1059365272523,93.45166015625,135.8958282470703
1198.136775970459,125.62924432754528,90.2264633178711,136.68252563476562
1160.1753311157227,125.68439722061171,91.3267822265625,136.0696868896484
1150.2875747680664,119.79761743545544,89.64089965820312,136.75938415527344
1123.1556854248047,114.52960443496713,88.80787658691406,135.9820556640625
1101.840633392334,119.29657983779916,87.69686126708984,137.62947082519534
1058.2441101074219,158.2512688636781,91.07328796386719,134.11456298828125
1025.201057434082,185.18136072158822,90.59967041015625,133.03996276855472
1005.5522918701172,168.89325189590465,89.86140441894531,133.26583862304688
948.6756401062012,150.28252649307262,93.9374008178711,136.09754943847656
929.1330451965332,170.62650537490856,93.38117218017578,133.6505889892578
961.1301116943359,189.08877801895153,91.22239685058594,131.39059448242188
974.490837097168,210.31641626358044,96.40750122070312,131.8192596435547
968.7337417602539,220.962305545807,90.0687255859375,131.2870330810547
963.6918563842773,225.87829065322887,87.65380859375,131.94056701660156
965.8176918029785,222.88008356094372,86.65216827392578,130.29244995117188
975.5301704406738,228.78942346572887,87.41071319580078,129.73814392089844
949.7348213195801,220.518702030182,87.64942169189453,128.8777313232422
866.5527267456055,194.56620264053356,90.165283203125,131.86656188964844
818.1971435546875,171.45904016494762,87.54396057128906,133.8821258544922
810.3567008972168,162.78788232803356,87.54549407958984,130.32432556152344
823.4879264831543,161.11600732803353,92.58739471435547,135.64006042480472
834.1777381896973,164.92785120010387,87.90827178955078,133.5130157470703
830.1809844970703,164.81016778945934,87.80247497558594,135.32949829101562
827.0562744140625,170.9389672279359,86.98875427246094,133.46774291992188
798.8811073303223,167.7461190223695,87.12137603759766,133.23362731933594
762.2216491699219,159.63204431533825,87.70661926269531,133.6941680908203
750.7885513305664,159.4089608192445,91.87997436523438,135.61317443847656
763.9816703796387,167.5219979286195,89.38866424560547,131.9825897216797
789.9434394836426,182.07881402969372,88.68280792236328,129.89035034179688
855.5090065002441,208.62572717666637,91.2376480102539,133.0703582763672
892.8660926818848,221.0415749549867,90.3996353149414,130.00364685058594
951.5716285705566,238.18668603897106,88.5966567993164,128.96754455566406
1037.4242362976074,260.50221490859997,91.70235443115234,131.35894775390625
1128.0090827941895,276.90091180801403,90.33753204345703,130.978515625
1199.108757019043,285.31422662734997,95.6962890625,131.847412109375
1256.2037620544434,288.05655145645153,94.16112518310547,134.00567626953125
1317.0627059936523,280.02486658096325,95.27398681640625,136.21080017089844
1298.2382926940918,253.69771051406872,98.02214813232422,138.10226440429688
1270.7956352233887,238.31730127334606,95.73070526123047,135.46742248535156
1255.2423400878906,232.22210168838512,97.09721374511719,134.32725524902344
1239.4603576660156,230.6999001502992,99.96769714355469,134.0951385498047
1214.147159576416,225.13787317276012,93.5334243774414,132.2802276611328
1181.5919609069824,218.89564752578747,91.02059173583984,133.22445678710938
1138.48832321167,213.83810663223278,94.07738494873047,130.60586547851562
1096.0437927246094,203.44466638565075,91.42857360839844,130.9048614501953
1076.9515190124512,187.6228508949281,88.7893295288086,133.6964111328125
1078.6528053283691,142.20718622207653,90.68659210205078,136.0174560546875
1005.7934646606445,86.25724267959609,94.55963134765625,138.72230529785156
965.709789276123,41.5606560707094,96.4321517944336,138.3839111328125
964.6549911499023,13.429956912994555,96.145263671875,142.3593292236328
936.6515426635742,1.946524143219193,100.94146728515625,111.99571990966797
952.0484886169434,1.7426209449770056,97.97838592529297,98.79290008544922
976.7653388977051,3.242510318756274,103.08301544189453,131.32696533203125
984.7090377807617,59.05362939834612,98.82501220703125,145.31153869628906
990.0506401062012,97.57091760635393,98.87444305419922,142.96189880371094
1109.0956192016602,144.69709253311174,102.34661865234375,139.03163146972656
1278.6904487609863,176.12431573867812,104.3693618774414,140.76263427734372
1298.3831939697266,188.8302483558656,106.28996276855469,140.87332153320312
1272.5789833068848,212.75525903701794,101.7796401977539,137.5808563232422
1196.3374786376953,138.58622217178353,234.6776885986328,221.36351013183597
1379.0672225952148,388.2381310462953,164.65179443359375,206.51904296875
1491.7963943481445,391.0649132728578,135.07003784179688,212.373046875
1266.4304962158203,469.7262902259828,128.2315216064453,150.6171875
1191.418098449707,463.15265130996715,92.85263061523438,114.2236328125
1119.6284866333008,454.3418641090394,59.10429382324219,110.8263168334961
1093.3671264648438,446.0446343421937,85.03140258789062,105.07650756835938
968.5567626953125,430.5203995704652,90.92781066894531,111.51319122314453
881.4416923522949,419.1742653846742,94.73392486572266,111.50019836425781
740.4139060974121,401.70307779312145,95.14922332763672,124.12421417236328
644.537727355957,391.83845376968395,100.25901794433594,117.48294830322266
592.9933319091797,384.78238153457653,92.47174072265625,110.86532592773438
438.8859748840332,374.19145822525036,99.90682220458984,113.30168914794922
323.43938064575195,366.12137079238903,103.0476303100586,115.28729248046875
247.81637573242188,364.7742180824281,119.10220336914062,121.87722778320312
172.11641311645508,365.49441385269176,125.6043930053711,123.78360748291016
102.81400299072263,375.9089150428773,127.83830261230469,128.9918975830078
76.71882247924802,396.5474076271058,123.58728790283203,126.92279815673828
79.69649505615229,415.52047204971325,85.16380310058594,127.99009704589844
6.032974243164006,421.97599267959606,133.56015014648438,130.61253356933594
14.649250030517521,461.9505066871644,97.10741424560547,123.32030487060547
0,486.840178012848,56.91264343261713,105.71720123291016
3.628883361816378,504.1266655921937,76.61761474609375,79.91329956054688
2.6615810394286825,417.95350122451794,47.29062271118164,161.23928833007812
2.6636886596679403,404.6484932899476,45.776947021484375,164.74093627929688
0.26815223693844814,409.7491250038148,38.204952239990234,160.9984130859375
96.41342163085935,397.5371041297914,68.45664978027344,159.71466064453125
148.0580139160156,345.8205361366273,92.05375671386719,203.85757446289062
341.0726432800293,228.23239374160778,113.36678314208984,140.78675842285156
312.47131729125977,223.8234124183656,112.19599151611328,141.5832061767578
