578.0,618.0,63.0,91.0
577.7930736541748,577.1684188842773,61.64682388305664,88.67298889160156
579.1669025421143,551.7212142944336,59.212642669677734,88.28375244140625
577.6880702972412,513.7525672912598,60.94173049926758,85.75911712646484
581.6232852935791,484.68096923828125,60.36735153198242,84.1356201171875
582.0983486175537,458.98387145996094,59.48073196411133,85.99269104003906
575.3356533050537,430.3223762512207,58.89958572387695,87.90218353271484
570.3692836761475,420.8442916870117,61.9095344543457,86.78501892089844
575.8437824249268,416.2950134277344,59.41482162475586,86.20388793945312
577.945219039917,423.07934188842773,60.151493072509766,84.31424713134766
580.378007888794,464.6340141296387,60.24898910522461,82.90155792236328
582.9168472290039,501.7447319030762,59.59114074707031,83.31110382080078
578.7841396331787,569.9627342224121,63.95033645629883,86.44989776611328
565.6291389465332,637.2268180847168,66.9134750366211,88.50904083251953
560.6627159118652,683.3057594299316,70.0187759399414,88.34777069091797
557.1452980041504,712.0103034973145,68.0874252319336,91.4958724975586
557.4039192199707,708.7001876831055,69.8164291381836,92.75578308105469
572.1899719238281,664.6754112243652,68.82290649414062,90.7866439819336
582.3558464050293,590.4560050964355,68.84076690673828,89.5105972290039
586.122615814209,539.9084968566895,65.31632232666016,84.94300079345703
588.7051048278809,456.414363861084,66.03571319580078,84.88378143310547
586.304744720459,423.6131134033203,75.90225982666016,82.88914489746094
582.5557327270508,400.8440399169922,82.40092468261719,86.50541687011719
573.9145812988281,377.3074417114258,83.31527709960938,90.6588134765625
562.0221099853516,360.50654220581055,84.97360229492188,104.85518646240234
560.4891548156738,355.25990295410156,83.24144744873047,113.72251892089844
559.7489395141602,352.71563720703125,90.98463439941406,125.60530090332031
563.914379119873,349.12757873535156,97.6873550415039,122.73182678222656
567.1058120727539,356.75689697265625,92.14692687988281,110.87013244628906
561.660343170166,366.47924041748047,89.94548797607422,94.102783203125
570.1370811462402,359.0686264038086,87.6255874633789,105.68515014648438
572.5334129333496,358.0830726623535,92.49439239501953,108.7914810180664
568.8618278503418,358.57492446899414,86.54740142822266,107.64176177978516
564.582389831543,359.7369575500488,84.89445495605469,108.0772476196289
564.090160369873,357.91998291015625,86.9853286743164,109.02656555175781
569.6942863464355,360.6831741333008,82.9158706665039,108.75363159179688
568.2426376342773,368.0228271484375,89.78334045410156,106.55979919433594
566.1582374572754,366.88333892822266,89.22136688232422,105.79714965820312
562.1676597595215,353.08960723876953,88.88263702392578,106.99819946289062
556.6951026916504,345.97333908081055,89.43733978271484,109.20366668701172
561.5168952941895,352.9290351867676,85.14351654052734,108.6681900024414
566.7352180480957,375.14894104003906,87.89171600341797,108.23466491699219
590.7113380432129,398.0648078918457,75.56035614013672,108.61695098876953
609.7952766418457,417.45067977905273,70.1380844116211,105.0747299194336
617.3174362182617,436.9420051574707,92.31474304199219,98.27811431884766
629.1357116699219,438.3182907104492,86.26239013671875,100.3634033203125
632.7869834899902,437.39070892333984,82.38538360595703,104.553955078125
633.6038017272949,431.7538642883301,84.26557159423828,85.0273208618164
610.5466995239258,408.7678451538086,99.84934997558594,111.0382080078125
599.7728500366211,398.90134048461914,107.35551452636719,114.0245132446289
588.1017417907715,389.3306999206543,105.66547393798828,115.64998626708984
587.4504013061523,386.9976234436035,99.81788635253906,117.09244537353516
588.5524291992188,390.57433700561523,92.91522216796875,104.45702362060547
594.6655158996582,390.0067024230957,85.63225555419922,69.4189224243164
590.2892570495605,391.0369758605957,91.91345977783203,75.4430923461914
563.6988258361816,381.90381622314453,109.10579681396484,93.00335693359375
558.5180702209473,372.55510330200195,108.3216781616211,100.33252716064453
555.3584594726562,371.51611709594727,104.3798828125,107.03186798095703
549.1044502258301,371.94416427612305,98.19872283935547,116.70067596435547
558.9105339050293,373.2844657897949,80.71637725830078,110.59355926513672
555.5707206726074,383.57667541503906,70.79145050048828,106.09822082519531
536.532642364502,405.7302436828613,81.6515121459961,104.09168243408203
537.5879364013672,442.8508110046387,88.85498046875,108.92949676513672
538.4645118713379,488.7588119506836,88.53783416748047,109.80691528320312
535.405086517334,564.4834747314453,70.96240997314453,107.66880798339844
540.1691093444824,607.954906463623,83.6111831665039,104.44786834716797
543.2984085083008,628.6466789245605,68.01997375488281,102.99922943115234
543.510009765625,622.6791534423828,73.73199462890625,102.39247131347656
540.0619621276855,571.4927024841309,82.73456573486328,115.8526840209961
544.6472778320312,528.4892997741699,79.43719482421875,101.74584197998047
546.6668663024902,480.93608474731445,91.85218048095703,104.21759796142578
548.6393547058105,446.71815490722656,97.62625885009766,104.31300354003906
539.8972854614258,409.81420135498047,96.94657897949219,106.3056640625
517.4546318054199,369.4389953613281,99.25025177001953,104.83494567871094
511.2650260925293,341.3349914550781,83.38016510009766,101.76878356933594
517.8767051696777,320.8346824645996,80.60871124267578,109.5490951538086
519.8035163879395,315.9348564147949,82.39177703857422,108.33745574951172
522.8510551452637,327.6683921813965,84.13538360595703,99.5965805053711
521.9843635559082,339.4483108520508,54.582542419433594,96.88174438476562
523.9995384216309,340.72095108032227,76.73462677001953,98.68741607666016
535.2011528015137,348.2220115661621,70.6717300415039,84.84761810302734
554.3148994445801,355.635684967041,70.51399993896484,105.54712677001953
557.5928153991699,361.66496658325195,83.5607681274414,119.59854888916016
565.5901985168457,371.635440826416,81.9477767944336,112.74073028564453
576.920825958252,397.14411544799805,78.21761322021484,107.58043670654297
577.5557746887207,414.339168548584,71.45793914794922,103.80486297607422
565.1163101196289,448.4450035095215,77.93495178222656,109.7182846069336
570.8762855529785,470.95774841308594,74.71337127685547,106.38883972167969
577.7349891662598,493.4849395751953,68.2706527709961,104.00209045410156
588.3686256408691,528.065071105957,72.69335174560547,90.34237670898438
598.5552940368652,532.6547012329102,81.14432525634766,90.6517333984375
590.1172485351562,494.81347274780273,100.0279541015625,115.9845199584961
579.0208740234375,459.40055084228516,125.62924194335938,108.75424194335938
571.4531211853027,448.47478103637695,125.70804595947266,92.16474151611328
568.1900215148926,392.25328826904297,88.89525604248047,101.28033447265625
564.9309768676758,364.4647407531738,87.33137512207031,102.29007720947266
555.5148315429688,318.87085342407227,86.06072998046875,106.72278594970703
552.411922454834,286.9241409301758,78.6526870727539,116.33889770507812
545.1988677978516,282.62668228149414,71.11654663085938,108.16361236572266
535.7107963562012,288.4539337158203,71.03327178955078,103.90184020996094
521.7093124389648,300.2569160461426,73.53367614746094,112.68961334228516
526.1079025268555,317.8152084350586,75.60484313964844,112.24795532226562
543.6230010986328,344.68359756469727,80.09814453125,113.4045181274414
559.9887657165527,364.5853042602539,71.98380279541016,112.49496459960938
565.7325630187988,377.0829772949219,72.34246063232422,112.25022888183594
563.5752601623535,379.18858337402344,77.16039276123047,103.13340759277344
551.7695236206055,369.0444869995117,82.17640686035156,120.32351684570312
551.4913940429688,353.54983139038086,80.62106323242188,117.61263275146484
553.231517791748,309.4458427429199,80.46283721923828,112.32231903076172
552.5053443908691,264.42565155029297,75.3988265991211,122.08236694335938
535.4860992431641,250.090576171875,92.6688232421875,108.07960510253906
537.7258758544922,286.9394302368164,97.29205322265625,75.39617919921875
514.3729705810547,290.6488800048828,120.77008056640625,95.37220764160156
517.8261909484863,297.1974754333496,119.26183319091797,113.15843963623047
522.3285102844238,292.0303497314453,110.30831146240234,133.0095977783203
516.3271903991699,285.55205154418945,93.3768081665039,124.13077545166016
503.4094047546387,287.32290267944336,85.22766876220703,100.19832611083984
496.1839179992676,279.9964599609375,105.93038177490234,106.52604675292969
506.9897575378418,276.2360954284668,98.55655670166016,121.51866912841797
497.3088912963867,287.5545234680176,104.88356018066406,119.37665557861328
480.14188385009766,297.81417083740234,111.47520446777344,128.3660888671875
486.42705154418945,302.3723258972168,106.9614486694336,120.1692123413086
517.1199226379395,312.0736312866211,87.53734588623047,126.39202880859375
493.73299407958984,324.1599311828613,79.58204650878906,89.2565689086914
480.0130844116211,328.372989654541,91.12193298339844,80.00519561767578
513.3955192565918,316.3362236022949,84.92829132080078,110.38463592529297
502.0403289794922,311.4264259338379,83.91073608398438,102.0287857055664
482.9217185974121,309.6826705932617,96.82032012939453,96.29150390625
480.087833404541,299.7942008972168,108.8449935913086,106.56670379638672
502.85022735595703,295.00770568847656,87.99320983886719,112.45393371582031
529.8662796020508,321.42707443237305,78.07118225097656,106.89928436279297
545.2198753356934,360.4751091003418,74.61505889892578,112.05510711669922
551.4739418029785,438.59129333496094,71.56700897216797,107.40098571777344
557.2651271820068,508.32726287841797,45.51747512817383,98.24639892578125
550.0099868774414,590.1493110656738,50.03804016113281,85.18448638916016
537.7753067016602,649.4528656005859,86.13749694824219,45.55339050292969
568.9039421081543,649.4500999450684,58.99463653564453,58.54570770263672
565.5566291809082,646.9570083618164,59.354637145996094,52.59779357910156
547.4392223358154,663.9554290771484,47.760807037353516,97.70635986328125
550.7026615142822,575.4946365356445,54.4188346862793,101.56695556640625
547.2033405303955,476.7655830383301,52.97701644897461,93.9151611328125
533.277099609375,386.2206726074219,73.17367553710938,105.72532653808594
516.7358016967773,317.6728973388672,82.77052307128906,100.79713439941406
491.93750762939453,260.12633514404297,74.54127502441406,97.42776489257812
480.0306854248047,213.50444412231445,77.78643798828125,107.6333999633789
474.2298355102539,180.39306640625,77.84101867675781,111.97966003417969
455.403377532959,126.32110595703125,88.5757827758789,116.03102111816406
457.9193534851074,130.71563720703125,85.3880386352539,116.95127868652344
485.18904876708984,183.5509796142578,70.47825622558594,114.16444396972656
502.53305435180664,270.59152603149414,73.01912689208984,110.83841705322266
512.6575965881348,362.34152603149414,71.4540023803711,99.48819732666016
528.5328063964844,493.46805572509766,57.0076904296875,87.50393676757812
528.0456352233887,604.1596946716309,55.15155792236328,74.95964813232422
520.6628932952881,685.4002227783203,57.993961334228516,79.48252868652344
515.3582305908203,746.5948181152344,70.77424621582031,92.16316223144531
531.5983009338379,715.451343536377,81.89850616455078,99.94672393798828
558.0039291381836,598.2099075317383,76.159423828125,102.73078918457031
569.6054763793945,472.11035537719727,60.978271484375,95.24603271484375
656.3752346038818,449.74423599243164,61.96982192993164,79.51652526855469
662.7197036743164,426.14089012145996,106.482421875,58.09089279174805
660.5186996459961,408.28466796875,111.702392578125,66.14900970458984
649.1763343811035,450.0091361999512,72.33756256103516,82.850830078125
663.2434768676758,430.1715202331543,107.7291259765625,54.23797607421875
653.0812911987305,451.20405197143555,67.54843139648438,82.66799926757812
576.7074108123779,444.92182540893555,59.77797317504883,106.78836059570312
560.634349822998,554.004150390625,50.67375946044922,96.02416229248047
566.3464317321777,647.6757469177246,60.536582946777344,77.8514404296875
532.599494934082,759.2551345825195,76.66142272949219,61.14722442626953
558.4233322143555,658.9236793518066,66.01518249511719,101.83808135986328
563.1095542907715,578.7270240783691,70.79743194580078,96.33574676513672
541.2277297973633,627.8592338562012,130.90452575683594,90.2375259399414
636.335823059082,454.27186584472656,133.69529724121094,144.74063110351562
549.0121078491211,364.6259422302246,79.32649230957031,117.0400161743164
569.7741203308105,400.83113861083984,66.33390045166016,113.01643371582031
587.171516418457,441.7870101928711,66.23106384277344,102.05918884277344
591.0382308959961,428.8702583312988,66.90437316894531,102.8784408569336
597.4051895141602,377.4454917907715,69.47349548339844,109.50992584228516
607.5712089538574,333.63073348999023,68.17554473876953,108.4228286743164
579.6743431091309,258.4677314758301,86.3477554321289,110.05284881591797
565.0655670166016,229.9330940246582,87.39276123046875,113.40230560302734
563.6558952331543,237.9016456604004,85.21131134033203,117.79717254638672
568.756103515625,244.67332458496094,80.65054321289062,126.934814453125
566.3749961853027,281.6401062011719,69.34095001220703,114.55850219726562
565.7606620788574,290.0901184082031,72.64408111572266,114.12493896484375
542.9237098693848,291.82081604003906,71.8788070678711,106.87442016601562
548.7828254699707,297.93195724487305,47.816978454589844,93.4504165649414
531.8429279327393,295.4861755371094,46.6005973815918,97.07467651367188
534.950798034668,279.57226181030273,47.6339111328125,114.52420806884766
556.1785469055176,284.1556053161621,50.95349884033203,95.38770294189453
586.9844074249268,328.46913146972656,44.0747184753418,96.52774047851562
602.7367000579834,380.91444396972656,48.81772232055664,98.961669921875
591.6281204223633,430.26607513427734,66.4339599609375,87.03373718261719
574.8550415039062,397.33984756469727,42.71968078613281,98.57950592041016
548.0387058258057,362.09709548950195,56.26748275756836,69.85619354248047
516.3131866455078,270.3067932128906,86.79966735839844,108.62776184082031
493.42480087280273,185.10828399658203,103.8042221069336,128.00086975097656
493.9375457763672,111.71016693115234,98.85957336425781,133.5769500732422
502.3240203857422,97.09793853759766,108.03370666503906,128.0654754638672
520.8482437133789,144.3079071044922,100.36056518554688,143.76913452148438
533.4043197631836,189.73111724853516,97.35812377929688,139.8262176513672
533.103702545166,230.74620819091797,94.81452178955078,129.25001525878906
527.8759078979492,245.01137924194336,97.97198486328125,119.41461944580078
516.7313346862793,253.03766632080078,104.88744354248047,122.20460510253906
498.5478210449219,249.39992141723633,108.38557434082031,117.07616424560547
499.2242546081543,234.96047592163086,101.21996307373047,115.97196197509766
516.1982078552246,222.8438835144043,95.12602996826172,119.62622833251953
535.7188606262207,224.50217056274414,91.78824615478516,124.38616180419922
528.4811515808105,241.66576385498047,96.22969818115234,120.80107116699219
525.4863471984863,255.1733169555664,94.60205841064453,124.59138488769531
535.7705612182617,271.2461624145508,96.16580200195312,121.71723937988281
529.3912048339844,284.9385528564453,102.04237365722656,110.82366943359375
544.5478782653809,294.0555648803711,89.5556869506836,112.11100769042969
573.6536521911621,326.51842880249023,82.07036590576172,114.86743927001953
574.221607208252,344.89207458496094,82.02741241455078,116.08905029296875
567.3142585754395,331.9562797546387,96.73395538330078,117.06085968017578
562.2455902099609,277.2317237854004,90.33338928222656,116.64055633544922
571.5024452209473,232.86388397216797,86.94934844970703,108.63880920410156
584.8100280761719,231.9909896850586,84.31358337402344,123.11302185058594
616.5020446777344,285.2453308105469,77.34687805175781,130.17080688476562
624.240478515625,353.79963302612305,84.76365661621094,123.28479766845703
621.2288131713867,428.15071868896484,85.78720092773438,115.74949645996094
607.352897644043,451.785457611084,118.45205688476562,99.99835968017578
644.2358818054199,455.84625244140625,120.62602996826172,146.65826416015625
635.1839218139648,452.7840347290039,130.46200561523438,144.4481658935547
646.0239906311035,450.1857147216797,125.64435577392578,143.21987915039062
661.4946403503418,335.4316596984863,110.34264373779297,125.71385955810547
522.2661094665527,215.3059959411621,91.16791534423828,114.0091323852539
535.8106460571289,248.16373443603516,93.42848205566406,107.90644836425781
571.8656883239746,328.44568634033203,67.54877471923828,106.43513488769531
590.4943466186523,399.49903106689453,79.60682678222656,99.70222473144531
653.9864120483398,448.9521064758301,62.80686950683594,56.40245819091797
646.437744140625,452.13485527038574,76.29122924804688,40.24045181274414
669.8602046966553,453.2241268157959,51.12440872192383,56.83293533325195
662.8060207366943,447.864839553833,55.22037124633789,40.36233139038086
662.8225440979004,448.1317138671875,54.63642120361328,35.99391174316406
662.9637660980225,451.3238067626953,55.11372756958008,36.54112243652344
663.049430847168,448.9125213623047,54.89680480957031,36.08807373046875
662.6288318634033,448.615291595459,55.68162155151367,39.74376678466797
662.2844982147217,448.8588447570801,55.65700149536133,37.09691619873047
663.2728652954102,449.6777534484863,55.52149963378906,44.92853546142578
662.9935817718506,448.4784679412842,56.04097366333008,38.88852310180664
662.4777317047119,453.13878059387207,56.736873626708984,34.58242416381836
663.3768653869629,449.29373359680176,54.26311492919922,34.63444137573242
662.3106117248535,450.4801559448242,54.635231018066406,32.549957275390625
662.4704399108887,449.6918659210205,55.278892517089844,37.81173324584961
663.0951271057129,449.5404109954834,54.94037628173828,33.846256256103516
662.4596538543701,447.79443168640137,56.32008743286133,42.02420425415039
662.6527900695801,450.14911460876465,54.73918914794922,45.14067459106445
662.3003234863281,448.512882232666,54.8031005859375,45.564476013183594
662.6865730285645,448.5041446685791,54.35730743408203,41.17423629760742
662.2813014984131,449.1108798980713,54.86862564086914,37.847896575927734
662.8897075653076,447.83895683288574,54.4289436340332,34.9463996887207
662.654706954956,449.5643882751465,54.60872268676758,36.009666442871094
662.414623260498,448.274320602417,55.401023864746094,36.916446685791016
662.8595161437988,448.23458099365234,54.392982482910156,38.24464416503906
661.6256084442139,449.6516056060791,55.72934341430664,43.97054672241211
663.0798969268799,449.083703994751,53.35776901245117,37.4502067565918
662.8308506011963,450.3883590698242,54.18716049194336,38.391876220703125
663.4563179016113,448.247257232666,54.431114196777344,37.700096130371094
662.6030960083008,450.0789203643799,53.69325256347656,33.93989181518555
662.2138347625732,447.5103397369385,56.2956428527832,36.85459518432617
674.6478023529053,455.52717781066895,43.34390640258789,39.7161979675293
663.4116706848145,449.9428901672363,54.92499542236328,35.69676971435547
662.8549919128418,449.84567070007324,54.660972595214844,32.15388870239258
662.4549350738525,449.5200672149658,55.49763107299805,37.068660736083984
662.81298828125,448.5965042114258,55.364654541015625,35.26985168457031
662.4047584533691,450.3153438568115,55.22333526611328,48.5974006652832
663.4887008666992,447.0172939300537,72.95295715332031,44.35914993286133
662.6494693756104,450.39625358581543,55.37240219116211,34.46170425415039
662.5926609039307,450.05088806152344,54.03237533569336,32.895965576171875
662.7762413024902,449.1171531677246,54.326133728027344,36.39904022216797
662.3821144104004,450.228816986084,58.080421447753906,36.149864196777344
668.1883792877197,450.24488639831543,47.914119720458984,52.901309967041016
659.7143840789795,449.23343658447266,58.2099494934082,67.19241333007812
664.2237873077393,447.9873504638672,62.69132614135742,47.711883544921875
662.1572532653809,449.0489501953125,55.26134490966797,43.18745422363281
661.951416015625,448.16675758361816,54.695465087890625,58.6878776550293
612.7206840515137,366.49425506591797,48.677581787109375,95.154052734375
658.3498134613037,449.735408782959,58.8112907409668,75.91048431396484
667.0603103637695,446.693115234375,67.96952056884766,42.352142333984375
661.4946804046631,450.3175239562988,55.572383880615234,34.891883850097656
661.8529853820801,449.5680847167969,55.62689208984375,39.5755615234375
661.7218036651611,448.7315673828125,56.43965530395508,38.2108154296875
662.4559097290039,448.18282318115234,53.91162872314453,38.864776611328125
663.6047611236572,448.0864143371582,54.643436431884766,46.60205841064453
662.173755645752,448.631067276001,57.208251953125,46.53062057495117
661.7733249664307,448.5051441192627,56.52986526489258,61.28042221069336
661.3777122497559,449.057767868042,59.322662353515625,43.861331939697266
662.2827167510986,448.55362701416016,55.95659255981445,43.299224853515625
662.8035335540771,448.55212783813477,56.17377853393555,37.27930450439453
661.2673797607422,449.95751571655273,57.659034729003906,48.51714324951172
661.8857021331787,448.06294441223145,55.90139389038086,35.94721603393555
663.434175491333,449.2716484069824,53.30130386352539,37.148277282714844
663.2815532684326,449.397518157959,54.393550872802734,36.132118225097656
662.1296463012695,449.1983814239502,57.265464782714844,39.02640914916992
662.442949295044,448.10218620300293,56.09872817993164,35.9672737121582
662.9780445098877,448.1436138153076,55.6087532043457,39.79280471801758
662.465160369873,447.6724510192871,57.012451171875,39.662071228027344
663.2330493927002,450.88721656799316,55.948612213134766,38.195430755615234
662.0398578643799,449.58351135253906,54.85837173461914,34.75413513183594
663.2679252624512,451.5489692687988,54.383148193359375,34.72388458251953
663.3794956207275,448.9405937194824,58.44643020629883,33.53528594970703
654.6435546875,451.5011520385742,62.923362731933594,37.56089782714844
659.4407157897949,449.2627639770508,57.04908752441406,75.04818725585938
663.288932800293,437.35797691345215,107.17388153076172,44.77275466918945
654.7521629333496,448.1969871520996,64.10847473144531,79.84650421142578
669.110746383667,438.97558975219727,63.66227340698242,71.77043914794922
662.2068271636963,447.137113571167,58.1856575012207,55.51559829711914
663.5656757354736,448.0710792541504,56.028812408447266,37.037559509277344
622.892505645752,402.77408599853516,81.39545440673828,84.78085327148438
606.4617691040039,278.13053131103516,75.61776733398438,84.038330078125
572.4620399475098,202.9077033996582,71.5160903930664,85.33672332763672
554.3821105957031,178.60443496704102,71.04316711425781,84.6176986694336
555.8680610656738,196.44395065307617,73.3213882446289,92.67719268798828
572.6453132629395,260.2895202636719,81.25614166259766,108.18075561523438
579.2636680603027,327.5498924255371,74.8368148803711,110.3963394165039
656.1802787780762,451.04983139038086,66.67720794677734,73.86954498291016
663.4028129577637,449.36187744140625,56.56890106201172,42.62013244628906
662.9655838012695,449.5453109741211,56.09181213378906,35.88685607910156
662.7179260253906,449.37688064575195,55.2738037109375,34.62622833251953
663.1277122497559,450.4254913330078,54.200218200683594,34.658416748046875
662.8740825653076,447.72134590148926,54.96095657348633,41.8758659362793
662.9000129699707,449.0153465270996,53.900428771972656,49.011436462402344
663.1472969055176,448.46557998657227,55.070777893066406,43.60303497314453
662.1331520080566,447.4839916229248,55.05681610107422,54.4550666809082
656.4145736694336,451.7244625091553,62.592132568359375,44.97024917602539
653.9650268554688,428.61859703063965,82.90855407714844,44.5063362121582
656.404016494751,401.78076171875,61.23966598510742,75.25871276855469
674.828296661377,343.68113708496094,82.21428680419922,67.5380859375
667.3674659729004,318.5321960449219,71.82805633544922,90.55038452148438
596.6714172363281,313.77976989746094,79.41807556152344,101.0321044921875
553.257137298584,317.12427139282227,87.43743133544922,109.51934051513672
489.9420394897461,336.46632385253906,88.99514770507812,106.94461059570312
405.7798156738281,368.3557434082031,81.62774658203125,108.4674072265625
356.4395637512207,381.5903778076172,79.38790130615234,101.26715087890625
384.8668403625488,367.4191780090332,67.38268280029297,88.76201629638672
441.65491485595703,363.21179962158203,86.18367004394531,106.83793640136719
566.5531883239746,356.5650825500488,87.35599517822266,101.83650970458984
675.3378372192383,337.64614486694336,90.25398254394531,100.33731842041016
737.4230194091797,340.26279067993164,84.17453002929688,97.98201751708984
779.5817832946777,362.89785385131836,80.29459381103516,98.0944595336914
794.515941619873,372.45621490478516,76.85932159423828,100.82786560058594
795.7155723571777,381.2207145690918,74.9970474243164,100.87244415283203
759.5421028137207,385.6654396057129,79.27632904052734,99.42089080810547
691.4711418151855,385.8454360961914,68.4566879272461,97.34938049316406
612.1563110351562,386.6713676452637,68.980712890625,96.3089370727539
522.4562606811523,392.5672492980957,72.20353698730469,97.33919525146484
463.2070083618164,397.4052276611328,68.13722229003906,93.25973510742188
411.980712890625,387.53127670288086,86.73722839355469,95.55814361572266
386.6030464172363,374.89765548706055,79.87262725830078,92.6774673461914
394.5900077819824,358.02877044677734,78.74126434326172,95.97865295410156
419.8468437194824,355.4576110839844,78.04582977294922,99.7723388671875
469.4091911315918,350.9929389953613,67.0847396850586,98.75157928466797
505.70035552978516,345.1062774658203,78.48538208007812,97.0411376953125
574.2149429321289,346.9617919921875,78.169921875,99.78427124023438
629.5510559082031,353.27456283569336,80.19010925292969,91.3781509399414
682.1047782897949,363.1147689819336,78.37548065185547,114.87342834472656
707.619010925293,399.7945213317871,74.33795166015625,105.65619659423828
679.6152496337891,440.8927879333496,82.91358947753906,95.50516510009766
639.053897857666,451.19345474243164,83.42115020751953,101.57103729248047
580.4647216796875,462.23989486694336,74.68815612792969,98.99622344970703
455.6286315917969,482.289608001709,75.22796630859375,99.85755157470703
384.3016662597656,475.65856170654297,81.48623657226562,101.07319641113281
358.44107818603516,454.65922927856445,81.03337097167969,101.13182830810547
369.91666412353516,431.28181076049805,66.01274108886719,96.73554229736328
391.2755699157715,423.1280746459961,77.07337188720703,94.65461730957031
442.6504783630371,403.46983337402344,74.64859771728516,92.54913330078125
511.5119819641113,363.45392990112305,75.54137420654297,97.6500015258789
584.9879951477051,325.8898277282715,78.5791244506836,108.54581451416016
642.7958068847656,312.22032928466797,74.47039794921875,97.93617248535156
722.0306854248047,309.63129806518555,68.70245361328125,114.69083404541016
768.2387084960938,354.1049003601074,85.0875244140625,123.34217071533203
774.3397521972656,392.4796371459961,95.9853515625,126.33656311035156
781.7521896362305,401.1976013183594,92.76075744628906,127.01687622070312
755.3076934814453,386.5946960449219,102.76226806640625,140.11712646484375
738.0132293701172,362.3093032836914,95.64544677734375,135.56736755371094
694.063720703125,315.7283630371094,93.50942993164062,137.07928466796875
642.3760604858398,284.2637023925781,73.02433776855469,100.57333374023438
579.455322265625,289.800350189209,82.59153747558594,121.58621978759766
544.5816917419434,329.86185455322266,90.86775970458984,125.93226623535156
516.9522171020508,442.7467231750488,80.5753173828125,113.09734344482422
502.52426528930664,506.145450592041,81.31107330322266,109.52425384521484
505.9106101989746,580.0641479492188,73.48641204833984,128.35446166992188
510.99491119384766,633.0557403564453,83.52923583984375,132.06182861328125
496.7691955566406,757.9450073242188,92.31468200683594,145.25173950195312
489.686954498291,829.2933731079102,86.6301040649414,117.62959289550781
479.73377990722656,892.8631362915039,100.26783752441406,122.85725402832031
482.9011917114258,909.1551895141602,102.408203125,142.1682586669922
495.8414649963379,897.4680023193359,103.1650161743164,153.1080322265625
537.9803733825684,838.5004348754883,93.23320770263672,115.39839172363281
580.7734375,744.8381729125977,84.99162292480469,105.65316772460938
607.306079864502,663.8542747497559,76.91812896728516,104.51729583740234
631.2463722229004,566.6273651123047,79.52848052978516,103.19595336914062
650.7317390441895,456.22936248779297,73.35364532470703,155.63919067382812
664.0411186218262,418.1007499694824,70.10399627685547,92.7350082397461
653.8040962219238,352.56362533569336,75.77356719970703,93.9931869506836
616.9524459838867,294.69187927246094,79.6680908203125,99.09140014648438
575.462760925293,282.7644157409668,84.1224365234375,105.2476577758789
551.5572967529297,283.77228927612305,77.17308044433594,103.6938247680664
541.7870826721191,284.8938751220703,76.41641998291016,101.71563720703125
542.7402076721191,292.3191452026367,75.24640655517578,102.00761413574219
532.1529273986816,310.9301643371582,72.10916900634766,102.41173553466797
508.2311477661133,339.61500549316406,76.4486083984375,102.06341552734375
467.8831367492676,394.75128173828125,72.66321563720703,102.18142700195312
454.0477600097656,441.65085220336914,70.91017150878906,98.38091278076172
440.1700439453125,470.72180557250977,70.28437805175781,103.56282806396484
429.8650436401367,482.51917266845703,81.405517578125,105.02976989746094
438.1517143249512,488.2861099243164,84.7398910522461,99.71778869628906
469.31371307373047,489.90966415405273,94.11260986328125,95.71216583251953
495.99168395996094,488.4924430847168,82.57334899902344,90.88483428955078
529.5278854370117,479.52788162231445,77.07595825195312,86.3703842163086
563.0982131958008,474.1355667114258,70.83004760742188,81.86204528808594
603.3409519195557,466.2008628845215,58.835201263427734,87.28946685791016
640.2865314483643,468.97351837158203,51.4757194519043,82.60636901855469
669.1492691040039,478.84379959106445,65.91802978515625,81.91390228271484
692.2064056396484,507.06390380859375,72.93028259277344,88.49356079101562
691.3487930297852,538.1703147888184,74.95687866210938,89.1111831665039
684.3162574768066,575.8740501403809,74.24256134033203,94.1264419555664
667.1677322387695,626.0301933288574,69.6204833984375,100.95401763916016
654.6975212097168,635.6639595031738,72.0708236694336,117.0117416381836
626.4487991333008,709.8736038208008,74.11642456054688,101.95054626464844
608.050895690918,752.8209266662598,72.39633178710938,105.34337615966797
567.1277618408203,848.0650024414062,80.67295837402344,130.49932861328125
500.27619552612305,972.7420349121094,87.8783187866211,103.1182861328125
542.9518280029297,987.359260559082,101.73262023925781,85.97508239746094
570.9323577880859,990.1203498840332,79.73289489746094,87.81758880615234
585.2396945953369,990.8361740112305,62.306148529052734,86.88114929199219
574.2765808105469,990.6682968139648,67.55262756347656,87.05393981933594
503.57909393310547,908.087532043457,86.30271911621094,128.48890686035156
564.3302116394043,814.307689666748,91.55469512939453,102.81966400146484
599.248607635498,670.8279724121094,87.40436553955078,98.49209594726562
612.720329284668,540.4580116271973,84.02543640136719,83.33372497558594
620.6640510559082,416.26575088500977,78.34490203857422,74.16728210449219
622.4449501037598,362.47916412353516,73.73641204833984,73.68289947509766
630.0510025024414,319.1143684387207,74.01963806152344,80.99531555175781
640.4582214355469,322.0726089477539,74.42498779296875,80.56208038330078
662.0733432769775,375.7340202331543,62.63129806518555,80.42630004882812
660.8188133239746,452.0995559692383,88.47779083251953,85.6727066040039
693.0733985900879,571.9272308349609,67.65789031982422,97.2107162475586
675.0148468017578,684.4429740905762,67.0615234375,97.68673706054688
724.7574996948242,690.2144317626953,42.30345153808594,101.81664276123047
726.5160446166992,705.4037246704102,37.91923522949219,80.42438507080078
732.5025119781494,704.6251220703125,33.17521286010742,74.43553924560547
730.1015148162842,705.6453094482422,31.737751007080078,68.31429290771484
731.4078197479248,704.3914909362793,32.15056228637695,65.573974609375
733.3156986236572,704.9299049377441,30.501140594482422,58.49690246582031
732.7093000411987,709.9976177215576,30.17302894592285,61.33048629760742
731.4788990020752,706.5479927062988,31.468364715576172,69.6094970703125
728.7269420623779,707.020881652832,34.1172981262207,71.2898178100586
729.6127624511719,704.6502685546875,33.948516845703125,80.53453826904297
730.6469173431396,707.0877113342285,32.73099136352539,74.06340026855469
731.4371471405029,705.5134696960449,32.37173843383789,70.2593994140625
729.9893417358398,707.908763885498,32.63359069824219,66.20620727539062
729.024980545044,707.783317565918,34.3549919128418,69.66349029541016
728.3674011230469,705.0318260192871,36.04402160644531,79.95779418945312
730.0920829772949,704.2469291687012,34.75640106201172,75.634765625
730.9603118896484,704.8977890014648,33.65693664550781,73.7618179321289
730.4333648681641,704.5016212463379,33.6578369140625,71.56564331054688
727.778356552124,705.2002410888672,36.86586380004883,73.54351043701172
730.7209815979004,703.3780746459961,33.56713104248047,72.2562026977539
728.5182037353516,702.8470726013184,35.766387939453125,71.31455993652344
684.3466529846191,678.6262359619141,47.877845764160156,96.16905975341797
639.1022567749023,752.3706436157227,81.16551208496094,79.1141128540039
634.3267555236816,748.3303565979004,90.04207611083984,108.02766418457031
644.2575531005859,696.3530578613281,89.20022583007812,98.06597137451172
649.9785308837891,587.2769470214844,79.5494384765625,95.1315689086914
652.9246711730957,506.46449279785156,76.54100799560547,117.97415924072266
632.2439079284668,449.86574935913086,95.78656768798828,107.21446228027344
638.839469909668,447.68642807006836,86.89463806152344,79.31605529785156
628.6582641601562,449.77845001220703,70.1751708984375,69.08153533935547
635.1385650634766,451.29543685913086,55.905792236328125,63.32423400878906
630.128324508667,448.26230239868164,49.99455642700195,68.04275512695312
636.9423942565918,482.65960693359375,45.226646423339844,64.46729278564453
662.5407390594482,447.1847152709961,58.43794631958008,51.767356872558594
661.8761749267578,450.23194122314453,61.43499755859375,45.933998107910156
661.6002502441406,450.0422534942627,56.23297119140625,58.97427749633789
660.2075996398926,449.0248432159424,64.82279205322266,37.518558502197266
661.578046798706,448.8506736755371,55.66501235961914,42.08934020996094
662.4086723327637,450.4370918273926,55.029930114746094,43.242156982421875
661.2193222045898,452.6974105834961,76.82223510742188,76.89737701416016
620.6981964111328,398.4729690551758,80.06153869628906,107.67707061767578
609.4656143188477,365.22387313842773,81.93618774414062,111.08609008789062
593.4499816894531,341.6230049133301,84.78688049316406,109.48478698730469
583.2731475830078,343.7657279968262,104.48857116699219,99.74514770507812
598.758186340332,373.61936950683594,109.1195068359375,105.9310531616211
608.0146179199219,400.41931915283203,110.16325378417969,94.72699737548828
631.0552444458008,439.97317123413086,103.07037353515625,155.05142211914062
642.5359115600586,451.8752021789551,99.66348266601562,119.64460754394531
642.0553741455078,455.5979194641113,106.74580383300781,169.61573791503906
645.1305046081543,532.5624542236328,102.5781478881836,100.6507797241211
639.6955184936523,507.83523178100586,106.72335815429688,106.868896484375
633.3472709655762,453.9065856933594,112.32317352294922,110.5694808959961
624.8713302612305,422.2174530029297,111.956298828125,94.91072845458984
618.4608879089355,400.1243476867676,108.95586395263672,80.75987243652344
617.9476280212402,351.6653594970703,69.96227264404297,110.2070541381836
602.222339630127,337.89611053466797,80.38025665283203,117.33380889892578
564.3085899353027,328.65386962890625,116.9824447631836,120.58916473388672
574.0085220336914,352.9430274963379,134.68609619140625,91.62565612792969
585.6070442199707,360.2699661254883,123.13263702392578,80.35535430908203
601.995719909668,375.0838966369629,118.53271484375,97.75138854980469
