924.0,475.0,69.0,346.0
916.3002548217773,479.7640075683594,81.17427062988281,336.1240234375
909.1376647949219,474.2263488769531,93.7701416015625,340.15606689453125
905.7725601196289,479.17381286621094,105.24772644042969,335.3456115722656
908.8526077270508,481.3732452392578,107.01310729980469,328.8913269042969
911.6390190124512,482.7237548828125,109.23685455322266,322.54852294921875
911.2662811279297,483.0299987792969,112.88601684570312,317.89215087890625
911.045955657959,483.5657958984375,111.17646026611328,313.653564453125
914.4754104614258,486.5316467285156,110.06303405761719,309.5899658203125
914.6732788085938,487.0265197753906,111.64654541015625,312.4176025390625
919.6228141784668,485.1821594238281,109.07755279541016,310.52301025390625
927.2250938415527,483.4240264892578,94.29059600830078,304.7180480957031
939.2365188598633,483.7864990234375,81.98466491699219,306.3895263671875
945.8178024291992,482.7796630859375,81.43220520019531,301.04248046875
947.152027130127,489.18016052246094,101.90657806396484,296.7572326660156
946.8407592773438,486.56373596191406,98.1893310546875,301.6153869628906
964.9679718017578,488.4534606933594,96.31405639648438,293.8995361328125
986.1198501586914,487.5248718261719,78.72819519042969,292.158203125
1006.6289825439453,487.7373046875,68.42092895507812,294.82012939453125
1010.4239196777344,485.95655822753906,69.8599853515625,295.2516174316406
1013.2011528015137,488.99169921875,69.80277252197266,290.6802978515625
1013.7604942321777,491.41151428222656,76.41541290283203,289.2348937988281
1012.8053703308105,488.7288513183594,80.76261138916016,290.78765869140625
1008.884349822998,488.65147399902344,88.62650299072266,289.8888244628906
1005.6011924743652,488.4991760253906,96.94214630126953,280.987548828125
1004.2335433959961,491.6768493652344,96.90229797363281,280.3558349609375
1004.4357681274414,491.6046142578125,99.29118347167969,281.3045654296875
1004.924488067627,493.93614196777344,96.3795394897461,280.0336608886719
1006.4886054992676,494.9985046386719,97.87642669677734,260.14935302734375
1005.4854202270508,495.5578155517578,92.73533630371094,279.1971740722656
1004.152172088623,494.6481628417969,93.35111236572266,262.35699462890625
1003.6005821228027,495.016845703125,89.33228302001953,256.8487548828125
997.203311920166,495.7830123901367,93.23491668701172,254.91529846191406
994.2942008972168,496.9021530151367,91.9505386352539,247.27076721191406
991.4188652038574,498.45728302001953,86.7155532836914,246.7946014404297
983.8293647766113,497.1815185546875,88.08748626708984,244.5079345703125
971.4520683288574,495.7751159667969,90.1453628540039,244.4100341796875
968.8493194580078,495.89683532714844,88.22232055664062,245.35031127929688
963.0124626159668,495.32427978515625,86.96768951416016,245.39373779296875
965.3999328613281,498.3732452392578,76.80218505859375,244.55545043945312
962.5699157714844,499.60755157470703,76.7352294921875,240.8061981201172
960.9035606384277,500.6204147338867,78.99683380126953,239.5998077392578
953.7363395690918,500.0484313964844,84.79373931884766,226.57440185546875
954.3879280090332,500.0498352050781,82.4129867553711,223.580078125
956.3036918640137,500.8529586791992,77.03726959228516,221.3781280517578
959.5169868469238,500.3778533935547,74.68135833740234,221.86636352539062
959.9911994934082,501.07952880859375,69.98241424560547,217.742431640625
960.6812858581543,499.93310546875,67.35309600830078,221.11666870117188
956.0132598876953,499.68170166015625,71.10504150390625,221.66744995117188
956.7356719970703,500.5869903564453,67.63238525390625,207.80059814453125
958.0331001281738,501.3149948120117,61.12541961669922,219.38868713378906
957.4329242706299,500.62413024902344,59.03182601928711,215.98739624023438
957.6328582763672,500.03893280029297,56.666900634765625,220.19056701660156
963.2792987823486,498.7481460571289,49.118099212646484,217.3423614501953
966.3563041687012,502.18872833251953,45.162635803222656,211.73045349121094
964.840181350708,503.55956268310547,50.12502670288086,203.3730010986328
960.101146697998,504.2416076660156,68.56400299072266,215.83782958984375
960.2265014648438,498.7521057128906,65.3018798828125,215.81472778320312
960.9429931640625,500.01981353759766,68.7830810546875,223.44007873535156
962.9052200317383,496.17334747314453,61.94877624511719,220.0190887451172
959.6368675231934,498.8709182739258,67.6049575805664,211.9464874267578
958.8690757751465,499.6392593383789,67.8755874633789,208.2970428466797
957.3917541503906,500.01026916503906,69.37579345703125,221.7890625
949.802417755127,499.8157501220703,72.9835433959961,224.93240356445312
941.6514663696289,499.75492095947266,74.61302185058594,223.30442810058594
936.194709777832,497.8146667480469,73.29127502441406,228.96624755859375
928.9894332885742,496.2915496826172,75.13191223144531,230.44772338867188
924.7694091796875,496.3499450683594,74.67303466796875,235.46246337890625
920.865608215332,495.7105484008789,73.89848327636719,237.2406463623047
917.9646606445312,497.72998046875,75.24224853515625,236.35382080078125
915.3355331420898,499.24127197265625,78.63331604003906,238.1011962890625
914.3676261901855,498.54642486572266,79.15360260009766,240.4424285888672
914.7395858764648,497.27379608154297,80.12733459472656,240.5155792236328
913.5517120361328,494.74671936035156,80.44772338867188,244.70034790039062
913.3488082885742,494.97550201416016,79.48768615722656,245.6854705810547
911.3081130981445,496.0195846557617,81.24143981933594,245.8245391845703
909.5761451721191,496.89280700683594,83.20812225341797,242.69619750976562
905.7052421569824,495.31188201904297,85.35123443603516,250.7751007080078
899.1017379760742,492.4031524658203,87.31684875488281,253.56723022460938
894.2110443115234,491.72400665283203,88.58370971679688,255.6384735107422
887.8789024353027,489.3921203613281,89.65338897705078,257.8758544921875
884.9461364746094,488.16607666015625,88.69720458984375,266.72857666015625
881.1336555480957,488.9669189453125,89.45186614990234,262.6292724609375
878.2551383972168,490.7998504638672,91.0585708618164,263.9613342285156
878.0058517456055,489.8973846435547,89.28236389160156,273.7172546386719
875.9200744628906,487.81529235839844,88.2138671875,277.3720397949219
875.1159400939941,486.00616455078125,85.94408416748047,276.94873046875
872.8943862915039,486.42860412597656,86.74913024902344,280.9491882324219
869.3088493347168,486.3898010253906,90.22977447509766,277.56591796875
865.604118347168,488.2941131591797,94.38941955566406,276.0216369628906
860.0334739685059,487.98085021972656,96.19751739501953,283.9089660644531
854.0503120422363,485.7359619140625,98.1317367553711,287.33636474609375
846.6044273376465,483.4474639892578,99.08826446533203,289.8634948730469
843.513729095459,483.6186828613281,98.15222930908203,295.45196533203125
839.4552116394043,484.8852996826172,101.6825942993164,297.0458068847656
839.1243896484375,485.7198791503906,101.8868408203125,297.8978271484375
838.6159820556641,485.7656555175781,105.51089477539062,306.97247314453125
844.1955146789551,485.7654266357422,102.7745590209961,300.4346618652344
841.6513900756836,485.0144805908203,108.09034729003906,304.2107238769531
843.8545417785645,483.3607940673828,105.0263900756836,303.4625549316406
847.0605392456055,480.7882080078125,100.86824035644531,310.00665283203125
846.4496879577637,479.15476989746094,98.8761978149414,322.2196960449219
849.5967903137207,480.6560821533203,88.2989730834961,325.6531677246094
847.3785133361816,480.1434783935547,86.68364715576172,325.9316101074219
844.1892013549805,481.4684600830078,84.45741271972656,322.7507019042969
843.5045394897461,480.7189178466797,84.65608215332031,322.2123107910156
845.8748435974121,479.88255310058594,79.70069122314453,323.5365905761719
848.449878692627,479.7051544189453,74.2810287475586,323.5277404785156
849.0968475341797,480.8052215576172,74.64334106445312,326.3101501464844
847.5467338562012,480.9858093261719,81.1279067993164,329.111328125
845.6911354064941,479.0579833984375,87.11327362060547,324.00933837890625
844.1178512573242,479.13087463378906,91.38453674316406,323.2016906738281
839.7598838806152,477.2481689453125,97.74030303955078,323.54339599609375
837.7518119812012,478.1413116455078,99.7115249633789,317.5498352050781
838.3882102966309,479.1848602294922,101.61811065673828,310.6890563964844
841.7076530456543,480.5247497558594,97.72513580322266,306.408203125
845.882438659668,484.0037078857422,101.22212219238281,301.8451232910156
853.3772010803223,485.6981658935547,95.31224822998047,297.4455261230469
858.9414482116699,486.5023193359375,95.77494049072266,298.51202392578125
866.4741363525391,485.92176818847656,93.00839233398438,291.3190002441406
874.3819541931152,485.85546875,90.04090118408203,290.904296875
881.1284217834473,486.7858428955078,89.96416473388672,288.8780822753906
891.4306640625,486.0392608642578,81.90283203125,289.8369445800781
899.2494697570801,488.6664276123047,77.6163558959961,285.7323303222656
904.5512580871582,489.6573486328125,76.91365814208984,284.0909423828125
912.6147766113281,489.843994140625,73.0743408203125,281.96002197265625
920.8203353881836,486.76121520996094,73.81428527832031,285.4759216308594
928.2126770019531,487.9287414550781,70.767333984375,279.8897705078125
940.7819938659668,486.2070770263672,68.11392974853516,285.5986022949219
944.832763671875,485.8650207519531,70.88311767578125,283.90869140625
946.3247184753418,488.41441345214844,81.7880630493164,278.3286437988281
951.7802352905273,489.56591796875,81.42054748535156,278.36712646484375
977.7981948852539,492.6324157714844,61.73643493652344,273.8607177734375
988.3416156768799,492.0180358886719,57.641963958740234,279.8702392578125
992.9080810546875,490.44020080566406,62.0018310546875,279.5385437011719
996.2004585266113,490.5217590332031,74.24105072021484,277.9573974609375
999.7057075500488,489.3554382324219,83.65352630615234,279.14373779296875
1001.8223037719727,490.8866882324219,87.68229675292969,278.81732177734375
1010.1410446166992,492.49107360839844,96.50233459472656,275.0397033691406
1021.6379280090332,489.67897033691406,89.58504486083984,273.5641174316406
1020.6967468261719,489.24046325683594,89.530517578125,277.9773254394531
1031.2630424499512,489.4870300292969,81.08524322509766,276.28472900390625
1039.1392250061035,489.2517547607422,73.53453826904297,277.0327453613281
1045.032070159912,491.9628601074219,64.71839141845703,283.9654541015625
1046.5579376220703,489.9564514160156,59.746490478515625,291.62884521484375
1047.507884979248,490.45860290527344,57.104713439941406,276.4522399902344
1047.8342971801758,489.06341552734375,51.99555969238281,277.77252197265625
1046.2837543487549,493.32879638671875,52.17654037475586,268.64599609375
1042.0391292572021,494.7036437988281,57.04530715942383,265.6828918457031
1027.6619033813477,495.85450744628906,71.40745544433594,262.7488708496094
1017.6877937316895,495.9092102050781,82.59615325927734,263.23223876953125
1004.213508605957,495.7216491699219,91.20561218261719,257.4749755859375
996.9169654846191,496.85076904296875,94.37895965576172,259.31011962890625
1004.3353042602539,498.0618133544922,76.73423767089844,258.4923400878906
998.913818359375,497.41859436035156,75.4232177734375,257.2471008300781
991.9831275939941,497.17884826660156,77.74370574951172,249.08511352539062
985.9091377258301,496.06724548339844,74.7046127319336,249.41867065429688
980.8005676269531,497.1073684692383,74.8450927734375,248.98265075683594
976.008415222168,496.7873840332031,74.28462219238281,248.496826171875
974.9140548706055,497.1714096069336,71.65913391113281,249.33229064941406
971.4295845031738,498.3551712036133,73.15547943115234,245.65184020996094
969.4976043701172,496.85811614990234,72.54397583007812,240.55116271972656
965.6272888183594,497.4610824584961,73.1141357421875,237.2782745361328
958.6330833435059,499.66517639160156,75.23169708251953,238.72067260742188
939.174503326416,500.82942962646484,87.11788177490234,234.3538360595703
949.0999298095703,500.1974334716797,68.9801025390625,231.56631469726562
931.8374404907227,498.0586624145508,77.17445373535156,235.3842010498047
939.1497650146484,498.9168014526367,59.8255615234375,232.7290802001953
933.5868549346924,497.9886703491211,58.994808197021484,237.40611267089844
934.3545055389404,499.80909729003906,52.081668853759766,231.50408935546875
927.6074714660645,496.90042877197266,53.17089080810547,236.18165588378906
922.7652816772461,500.8334274291992,56.31086730957031,232.4042205810547
923.001615524292,498.7923355102539,54.84769058227539,228.07969665527344
921.1155185699463,500.7977066040039,58.03742599487305,230.69615173339844
920.0577507019043,501.64391326904297,60.275367736816406,226.71678161621094
915.5401573181152,501.12928771972656,67.33063507080078,226.47763061523438
913.3662910461426,499.9381103515625,72.23332977294922,231.84927368164062
915.0848617553711,498.5923385620117,72.52445983886719,235.42784118652344
918.1849670410156,497.7968521118164,72.63522338867188,234.0293731689453
919.587776184082,497.5731658935547,77.01991271972656,234.0799560546875
922.3443984985352,497.6310272216797,76.66914367675781,233.40106201171875
922.5393943786621,497.4641571044922,78.1058120727539,232.7947998046875
923.5121612548828,496.66417694091797,78.67877197265625,236.28953552246094
920.911190032959,497.55125427246094,81.09683990478516,238.927001953125
917.3714141845703,496.7575225830078,82.95751953125,238.0582275390625
915.6057586669922,497.50064849853516,79.905517578125,242.6653594970703
910.3273468017578,495.8080520629883,81.934326171875,247.21046447753906
903.0630149841309,494.2173538208008,80.92899322509766,247.75587463378906
897.7564735412598,492.5109329223633,82.2931137084961,251.22364807128906
894.9170951843262,492.8403549194336,83.41272735595703,251.4842987060547
890.9885749816895,492.28868865966797,85.79650115966797,252.24375915527344
890.114387512207,492.1595687866211,84.15687561035156,255.13072204589844
888.3852005004883,494.13902282714844,83.55451965332031,262.034423828125
887.5591773986816,492.9026184082031,83.8436508178711,266.3568420410156
888.3357810974121,491.08685302734375,83.42325592041016,262.8181457519531
885.7806625366211,490.31427001953125,86.39280700683594,268.4704895019531
886.2673721313477,489.294921875,87.29438781738281,267.7862243652344
882.6769943237305,489.3928527832031,90.43370056152344,270.5711975097656
878.8045043945312,489.5790710449219,91.81961059570312,271.4396057128906
876.2681541442871,489.4963684082031,91.1568374633789,279.7742614746094
878.2391815185547,485.56671142578125,80.82379150390625,284.0384216308594
878.5253372192383,485.0016784667969,74.52296447753906,285.3787536621094
883.3339576721191,484.9351348876953,64.41536712646484,284.0277099609375
887.0246124267578,483.6360168457031,58.07037353515625,288.0060729980469
886.5734558105469,484.2174377441406,64.29727172851562,285.1170959472656
880.6541442871094,485.4032440185547,71.94100952148438,285.06549072265625
875.7885589599609,486.9403991699219,80.81005859375,284.7499694824219
873.9158248901367,485.0508728027344,82.53892517089844,282.2049865722656
871.3545036315918,486.55494689941406,88.89508819580078,279.12646484375
873.4296951293945,486.3269958496094,89.31752014160156,273.4608459472656
871.7329902648926,486.0031280517578,90.56035614013672,276.29547119140625
878.2709007263184,487.80882263183594,86.84256744384766,269.43951416015625
881.0299377441406,491.8996124267578,88.02041625976562,266.903564453125
887.1146926879883,493.20066833496094,86.30989074707031,270.57415771484375
895.3692817687988,493.11607360839844,84.24828338623047,264.1424560546875
899.3564376831055,492.2145233154297,86.11412048339844,257.512451171875
903.8242301940918,491.79266357421875,85.95484161376953,258.0680847167969
909.3475761413574,491.5314636230469,81.81940460205078,255.58749389648438
911.2935600280762,495.21800994873047,84.38703155517578,252.5309295654297
913.4562492370605,495.62516021728516,86.04499053955078,254.42176818847656
916.080680847168,496.61370849609375,82.54277038574219,248.88827514648438
919.6564140319824,494.89298248291016,78.06665802001953,250.69654846191406
922.4913063049316,492.9556121826172,73.2936019897461,247.67236328125
923.0979614257812,493.4898910522461,75.10067749023438,244.80455017089844
924.4878845214844,494.9002151489258,75.18075561523438,240.91395568847656
925.380615234375,496.02061462402344,76.45291137695312,238.47784423828125
927.4393005371094,498.4150085449219,80.56338500976562,232.68923950195312
931.2212905883789,498.6788787841797,78.99269104003906,231.5791015625
933.9917411804199,499.2022171020508,81.84449005126953,225.29322814941406
936.965518951416,497.0109329223633,77.81502532958984,227.06239318847656
940.7238655090332,496.9202194213867,69.50426483154297,229.9246063232422
941.0482940673828,498.32166290283203,67.64590454101562,222.13072204589844
936.1684341430664,499.12401580810547,71.83345031738281,222.9337921142578
933.304443359375,501.3292465209961,71.04867553710938,221.96559143066406
934.1700897216797,501.4196090698242,65.28350830078125,227.24595642089844
934.8114395141602,501.1342010498047,58.36085510253906,222.705322265625
935.128345489502,499.56768798828125,50.01311492919922,223.18203735351562
934.7214279174805,496.52828216552734,48.04823303222656,221.6566925048828
935.7728958129883,499.0068588256836,56.34700012207031,221.56080627441406
938.5851669311523,499.5212707519531,56.44474792480469,220.04666137695312
934.1360092163086,500.4381637573242,62.68098449707031,220.9603729248047
935.9295597076416,499.9887924194336,60.08378219604492,224.64793395996094
934.2726020812988,499.60838317871094,65.58080291748047,226.70681762695312
936.8219261169434,499.67967224121094,64.8949966430664,225.56478881835938
938.0226402282715,501.7081604003906,71.31766510009766,226.95700073242188
943.8548851013184,501.95752716064453,73.3213882446289,227.7765655517578
948.9682922363281,500.71714782714844,71.81558227539062,231.2298583984375
957.4351043701172,499.94535064697266,68.8941650390625,235.76918029785156
969.633918762207,498.71114349365234,67.58015441894531,236.05433654785156
975.8728790283203,499.6228256225586,65.88507080078125,232.55406188964844
981.562255859375,499.45042419433594,68.58837890625,237.20166015625
990.1993980407715,498.97948455810547,70.39282989501953,235.40614318847656
996.8619499206543,501.06178283691406,67.64066314697266,239.85665893554688
1002.7967338562012,501.58873748779297,64.9168472290039,238.04273986816406
1008.1616554260254,498.57376861572266,64.45269012451172,239.4339141845703
1012.9863166809082,498.5202178955078,67.92986297607422,244.37997436523438
1017.2171897888184,498.10474395751953,68.7973403930664,246.7408905029297
1018.6103172302246,496.5858459472656,74.23465728759766,249.48388671875
1024.614917755127,496.69629669189453,78.33849334716797,251.81602478027344
1027.2307739257812,496.88575744628906,81.48348999023438,253.32095336914062
1034.6830406188965,496.91529083251953,81.94962310791016,250.7621307373047
1043.577491760254,495.33197021484375,84.08308410644531,253.22650146484375
1050.806468963623,492.7208557128906,80.27704620361328,258.4024658203125
1055.5167655944824,494.979248046875,83.13898468017578,264.53302001953125
1055.3616104125977,495.72743225097656,84.59657287597656,247.37490844726562
1053.8326797485352,494.06262969970703,87.36134338378906,236.96470642089844
1052.4817161560059,494.29541015625,84.2979507446289,256.08233642578125
1036.349697113037,452.72967529296875,92.8447036743164,308.04058837890625
1010.8442687988281,424.4054412841797,153.73477172851562,424.1996154785156
1049.4393463134766,418.6953582763672,132.86651611328125,396.0266418457031
1104.7900772094727,419.0145568847656,161.43214416503906,398.99761962890625
1120.748550415039,420.18214416503906,139.61529541015625,398.9309387207031
1030.2041091918945,485.1993408203125,108.55885314941406,284.3212890625
1024.7345237731934,490.53868103027344,84.89725494384766,264.0385437011719
1021.7548828125,493.4226837158203,86.48770141601562,271.2822570800781
1020.4287261962891,493.3245849609375,86.44793701171875,284.12158203125
1015.6342010498047,491.02520751953125,89.495849609375,284.69000244140625
1011.5729064941406,490.1748504638672,91.69644165039062,284.2054138183594
1008.0207366943359,488.47886657714844,93.19818115234375,287.1303405761719
1000.628345489502,488.5476531982422,97.66692352294922,290.5549011230469
991.9514198303223,488.3814239501953,101.64791107177734,289.3412170410156
977.8227729797363,487.7923278808594,107.35472869873047,292.40960693359375
977.5077743530273,490.2345733642578,98.90782165527344,291.5638732910156
967.6097030639648,487.34812927246094,101.96629333496094,297.0008239746094
960.809757232666,486.75457763671875,95.4182357788086,296.30926513671875
954.4405479431152,487.515380859375,95.75833892822266,294.983642578125
943.2864952087402,485.2202606201172,99.17752838134766,303.1196594238281
936.2437934875488,486.8954315185547,98.97307586669922,301.5990295410156
930.8407516479492,486.95123291015625,96.83647155761719,307.7979736328125
925.1576728820801,487.7769775390625,95.14617156982422,309.818359375
921.6999092102051,487.04949951171875,94.56108856201172,310.5572509765625
911.509334564209,482.47801208496094,99.84146881103516,318.4616394042969
904.1384391784668,482.10296630859375,108.62390899658203,316.60003662109375
891.4626655578613,481.0115661621094,113.68151092529297,319.39715576171875
894.1195411682129,478.73089599609375,96.5200424194336,318.59674072265625
893.8760299682617,480.5915069580078,86.55625915527344,321.5096130371094
894.8896255493164,478.3486328125,79.47700500488281,323.35931396484375
893.9865531921387,479.60459899902344,69.04474639892578,319.1715393066406
893.8256492614746,479.2470245361328,65.6279067993164,319.2301940917969
889.6965751647949,479.8240661621094,69.88861846923828,321.9583740234375
884.2707557678223,480.17982482910156,76.99275970458984,319.2072448730469
880.1910438537598,480.27684020996094,80.37056732177734,322.2194519042969
875.5210380554199,481.2178649902344,84.58557891845703,317.95867919921875
873.033878326416,481.6747131347656,86.0396957397461,309.76934814453125
870.7015151977539,481.6774597167969,90.81800842285156,305.69903564453125
869.630256652832,483.41224670410156,94.51478576660156,301.1567687988281
870.6955146789551,484.3963317871094,96.87792205810547,296.832763671875
870.3824882507324,486.30979919433594,96.17438507080078,292.3813171386719
876.7198257446289,488.2987823486328,95.56941223144531,295.3918151855469
882.0938606262207,490.00189208984375,93.88555145263672,288.739990234375
883.0567741394043,488.56715393066406,94.65454864501953,284.5726623535156
887.2964210510254,488.38050842285156,95.46651458740234,282.0935974121094
890.2667770385742,489.3066864013672,90.87693786621094,277.2160339355469
891.2095718383789,491.7877197265625,90.53828430175781,274.3818359375
891.8135643005371,493.22178649902344,89.0676040649414,272.7164001464844
890.4726257324219,491.7152099609375,90.00637817382812,271.35198974609375
889.6584396362305,492.05401611328125,89.77909851074219,264.28887939453125
890.1877250671387,489.92808532714844,88.45099639892578,264.0034484863281
894.1984443664551,490.06468200683594,87.92131805419922,262.7828674316406
901.1810874938965,490.4610900878906,83.4086685180664,258.5155029296875
909.2903022766113,492.86045837402344,85.29985809326172,254.08364868164062
916.0526275634766,494.1916275024414,86.4798583984375,253.26890563964844
924.4199485778809,492.9787902832031,87.8781509399414,252.93231201171875
937.4577903747559,494.3387756347656,79.4921646118164,252.12249755859375
943.1733665466309,495.04471588134766,79.16641998291016,251.6912078857422
952.1646385192871,495.8632049560547,73.53409576416016,250.44064331054688
960.8884506225586,496.82799530029297,68.48777770996094,247.6156768798828
968.2109413146973,497.7749328613281,64.7519760131836,246.79541015625
982.9246807098389,498.1368637084961,58.15109634399414,241.7240447998047
984.957691192627,497.6940383911133,59.11894989013672,242.3162384033203
999.1854610443115,496.79651641845703,53.68819046020508,241.27076721191406
998.9734745025635,498.28922271728516,63.03385543823242,241.38478088378906
1002.9551467895508,500.0178985595703,70.22441101074219,236.24307250976562
1008.7278175354004,502.7893371582031,70.84392547607422,234.6527099609375
1031.060411453247,502.5260925292969,59.62185287475586,230.53076171875
1037.4737377166748,500.8844451904297,61.29312515258789,240.36614990234375
1038.6844902038574,499.9924774169922,73.8128433227539,236.33999633789062
1038.6221160888672,500.4687194824219,85.07064819335938,233.14678955078125
1036.669807434082,502.41150665283203,90.81016540527344,232.39903259277344
1036.666217803955,498.28953552246094,79.2873764038086,254.95285034179688
1033.9454040527344,499.3567352294922,76.284912109375,229.32138061523438
1030.9155807495117,502.7828063964844,77.89161682128906,219.76678466796875
1026.5398445129395,501.6777572631836,81.3845443725586,214.77650451660156
1024.1942443847656,501.5608673095703,79.95947265625,216.17105102539062
1024.1458320617676,504.7294235229492,76.50252532958984,206.2390899658203
1024.1269874572754,503.3981628417969,72.1395492553711,213.82034301757812
1023.8506145477295,502.98716735839844,62.21396255493164,216.17318725585938
1022.0949363708496,501.9742736816406,54.837989807128906,203.8909912109375
1016.288875579834,502.7828369140625,55.72345733642578,212.83050537109375
1006.0473861694336,503.28375244140625,64.86766052246094,218.55960083007812
998.1619606018066,500.61034393310547,67.94322967529297,223.03224182128906
996.4208164215088,500.94573974609375,61.13117599487305,222.90231323242188
990.9157676696777,499.4769058227539,54.43219757080078,220.76881408691406
980.1411304473877,502.44872283935547,49.260799407958984,225.0753936767578
970.7324180603027,499.5461959838867,48.526405334472656,218.26365661621094
953.958158493042,501.8997116088867,62.22134780883789,217.71266174316406
947.4629135131836,500.3798828125,63.67359924316406,223.83804321289062
940.7336750030518,497.2440490722656,60.49081039428711,226.10525512695312
932.341142654419,499.53619384765625,62.784420013427734,222.29238891601562
926.6260528564453,497.87915802001953,66.31228637695312,226.53602600097656
921.4430465698242,498.8451690673828,70.44026184082031,224.92840576171875
917.1521835327148,500.7942581176758,75.89042663574219,226.41249084472656
918.3351783752441,500.07100677490234,78.3991928100586,230.9578094482422
921.5738487243652,497.52447509765625,79.52359771728516,231.87319946289062
926.9837226867676,496.6322937011719,78.76781463623047,234.78622436523438
927.9470443725586,497.01964569091797,78.19425964355469,235.09886169433594
929.9395523071289,496.9951934814453,76.48823547363281,237.14892578125
930.6469688415527,497.6655807495117,76.4493179321289,238.5996551513672
928.9100875854492,500.14119720458984,78.20695495605469,235.8134002685547
925.6629295349121,500.06945037841797,79.08695220947266,242.09788513183594
922.3424949645996,497.3752212524414,80.5484390258789,246.8191680908203
916.023250579834,493.80616760253906,82.0212173461914,246.8143310546875
912.6423416137695,494.2368469238281,85.00392150878906,250.00100708007812
909.8220329284668,493.4494934082031,85.00702667236328,258.6913757324219
906.6846046447754,494.82232666015625,87.17989349365234,247.16159057617188
906.2209892272949,495.24788665771484,85.86194610595703,249.0221405029297
905.1346130371094,495.91747283935547,84.60275268554688,255.4343719482422
903.5320701599121,494.4494934082031,84.08805084228516,265.0711364746094
901.7250633239746,491.9877471923828,84.6557388305664,267.7939453125
899.1105728149414,491.3355255126953,87.29005432128906,270.25823974609375
899.197193145752,490.7745361328125,88.86766815185547,269.1974792480469
895.7767028808594,490.47137451171875,90.89901733398438,270.8844909667969
892.685733795166,490.88746643066406,91.95772552490234,272.3905029296875
889.0580673217773,491.1338348388672,90.90348815917969,274.91851806640625
883.1279602050781,490.1860046386719,92.94107055664062,281.3195495605469
879.9548721313477,487.81494140625,92.52442932128906,281.7565002441406
875.5142631530762,484.2675018310547,90.97876739501953,286.36834716796875
872.7983322143555,487.40777587890625,92.48716735839844,286.4148254394531
871.0668601989746,487.3372344970703,93.87332916259766,291.61053466796875
872.8624420166016,487.89027404785156,94.488037109375,292.31671142578125
876.9184761047363,486.947509765625,94.98735809326172,299.4594421386719
881.4232635498047,487.2191619873047,94.22216796875,299.7332763671875
884.3187828063965,485.3166046142578,97.45328521728516,300.69598388671875
888.6971855163574,484.0641326904297,94.92072296142578,304.20526123046875
898.2066192626953,482.2171173095703,86.83349609375,312.83697509765625
900.1222457885742,481.8489685058594,83.09202575683594,315.3536071777344
906.1039123535156,482.46051025390625,81.30514526367188,316.1741638183594
914.1844100952148,483.8539733886719,77.18296813964844,316.0764465332031
921.0080413818359,484.29132080078125,74.83453369140625,314.7417907714844
928.5960311889648,485.3708801269531,72.88127136230469,316.1446228027344
934.0269203186035,485.5796661376953,71.1136703491211,315.05596923828125
937.5098114013672,486.62554931640625,72.23565673828125,314.0622863769531
941.628589630127,487.83424377441406,71.56322479248047,313.32281494140625
944.0937347412109,490.3986358642578,74.37738037109375,311.00689697265625
946.611083984375,486.19140625,79.69705200195312,312.8275451660156
949.1585807800293,484.0862274169922,83.31244659423828,310.7791748046875
954.6385383605957,485.0369873046875,81.29387664794922,310.3197326660156
953.6019554138184,484.41575622558594,84.3936538696289,304.7430419921875
953.1581611633301,483.0862121582031,90.26256561279297,300.1437072753906
957.7528915405273,484.86045837402344,89.38505554199219,296.634033203125
958.973518371582,486.8697204589844,89.42073059082031,291.6714172363281
961.7006034851074,490.3760528564453,96.00751495361328,286.44268798828125
972.2210693359375,490.05772399902344,91.92990112304688,285.87689208984375
980.0639953613281,491.02685546875,89.12106323242188,279.0484313964844
983.3618087768555,489.82281494140625,92.76145935058594,277.0865173339844
988.8653259277344,490.4576721191406,89.30917358398438,275.2531433105469
990.5259056091309,491.3180694580078,91.56742095947266,276.6556396484375
993.4358673095703,491.93116760253906,88.5828857421875,275.5675048828125
995.7478218078613,492.77442932128906,85.70574188232422,272.49432373046875
999.6708755493164,490.99757385253906,80.75654602050781,274.3551025390625
1003.0348320007324,490.91795349121094,76.26184844970703,266.31591796875
1001.7769088745117,492.1590118408203,77.60588073730469,263.4388427734375
1005.0388259887695,493.2425537109375,74.96577453613281,259.8481750488281
1008.7645072937012,495.1962432861328,75.38690948486328,254.48321533203125
1012.7269096374512,497.47484588623047,76.17780303955078,248.9651336669922
1014.898983001709,498.2044982910156,80.8113784790039,247.89218139648438
1018.2582321166992,495.6498260498047,83.72117614746094,248.799560546875
1023.4244537353516,496.17189025878906,81.3714599609375,245.0821533203125
1022.5141448974609,495.9802932739258,82.15240478515625,245.94850158691406
1020.8020553588867,497.2619171142578,83.85252380371094,244.5716552734375
1011.7615509033203,498.66060638427734,89.30755615234375,239.14964294433594
1010.6967849731445,497.8356704711914,85.48060607910156,241.1358184814453
1002.7373123168945,498.8296813964844,80.70240783691406,240.06082153320312
994.6018218994141,498.24076080322266,78.05194091796875,233.8891143798828
989.6499557495117,495.9297180175781,75.71549987792969,241.93978881835938
986.6120529174805,497.6910629272461,73.21641540527344,239.4159393310547
983.6465587615967,500.09596252441406,63.927921295166016,235.8524169921875
981.6324844360352,499.0836944580078,55.95426940917969,235.08956909179688
978.4245624542236,496.10179901123047,49.806758880615234,238.0478973388672
977.4127368927002,497.9820327758789,45.347530364990234,232.80152893066406
975.2417526245117,497.72239685058594,44.91584777832031,230.80538940429688
969.4368362426758,499.18475341796875,51.64317321777344,232.16705322265625
964.7943019866943,499.10363006591797,56.86775588989258,234.20677185058594
961.7308902740479,498.8264389038086,58.65098190307617,236.5081329345703
959.2756252288818,496.9469985961914,58.6320686340332,237.4740447998047
957.5009574890137,495.5336227416992,56.680946350097656,238.41029357910156
954.1758155822754,496.5996322631836,60.49211883544922,237.5172882080078
950.4230308532715,495.7938919067383,65.70084381103516,242.1472930908203
942.5501976013184,496.18505859375,76.5536880493164,239.98956298828125
937.0416412353516,495.87464904785156,82.4263916015625,240.04104614257812
930.5351028442383,495.76903533935547,81.77766418457031,240.4859161376953
928.355525970459,496.7799301147461,82.15238189697266,243.0559844970703
925.3312683105469,497.23717498779297,79.34335327148438,246.12147521972656
915.379035949707,493.97571563720703,79.62513732910156,249.2441864013672
909.3848190307617,492.55736541748047,79.78141784667969,250.92652893066406
905.589038848877,492.6453857421875,80.21868133544922,253.4228515625
899.4404258728027,492.7496032714844,82.71903228759766,258.23046875
895.6317100524902,494.4360122680664,84.57498931884766,255.72044372558594
893.9359741210938,495.1178741455078,83.41610717773438,259.0452575683594
889.6806564331055,492.64117431640625,84.69639587402344,266.19921875
887.1819267272949,491.43182373046875,85.39063262939453,265.86712646484375
884.4757690429688,489.6542510986328,87.12454223632812,267.5534973144531
881.6943321228027,488.1373291015625,87.40274810791016,272.8748779296875
877.1492195129395,486.61643981933594,89.10643768310547,271.6449890136719
869.8288879394531,489.0891876220703,86.80502319335938,273.4933166503906
863.1708335876465,489.1265563964844,88.30753326416016,277.88153076171875
857.3404197692871,486.7036437988281,86.83890533447266,279.20220947265625
850.7136077880859,485.3781433105469,88.589599609375,281.65863037109375
846.3982467651367,485.0901641845703,89.18357849121094,289.4758605957031
843.2105140686035,484.5989990234375,91.38301849365234,293.5338134765625
841.5859451293945,486.460205078125,90.47969055175781,287.72039794921875
840.2574615478516,486.7054443359375,91.9390869140625,292.978759765625
842.2088813781738,484.2104034423828,91.66661834716797,299.9816589355469
843.1201133728027,483.9259490966797,91.9129409790039,299.9336242675781
842.7285842895508,483.1141815185547,92.84980773925781,302.4232482910156
843.3647308349609,481.5770263671875,96.26263427734375,305.7305908203125
843.1980895996094,481.09986877441406,97.62161254882812,312.6384582519531
843.2139701843262,480.1690673828125,96.70679473876953,318.11444091796875
846.4290084838867,480.3892822265625,92.08219909667969,320.190673828125
847.9638938903809,479.3948974609375,89.5706558227539,319.13165283203125
855.465892791748,478.4154815673828,81.90753936767578,320.7465515136719
862.5563659667969,477.26319885253906,75.26589965820312,318.8163146972656
865.5426330566406,478.02655029296875,86.45132446289062,322.5714111328125
867.4328842163086,478.88999938964844,101.60942077636719,319.3526306152344
867.3653182983398,480.00746154785156,94.93809509277344,316.8454284667969
868.2034606933594,481.3692169189453,97.85653686523438,318.4164733886719
883.0976028442383,478.7604675292969,88.49983215332031,321.3260498046875
899.2095718383789,479.7040557861328,80.34474182128906,320.3088684082031
914.374813079834,481.26658630371094,77.32218170166016,313.7298889160156
916.4991912841797,484.67201232910156,88.23663330078125,311.1454772949219
908.6862564086914,490.8617248535156,119.03486633300781,299.47039794921875
906.7550964355469,493.47674560546875,137.78439331054688,295.2586669921875
912.7103233337402,500.0628967285156,121.0527114868164,283.98626708984375
924.4852676391602,497.1697082519531,89.65510559082031,289.44927978515625
928.2942886352539,499.59046936035156,96.93074035644531,281.7046203613281
933.0738792419434,499.9609069824219,101.2110366821289,275.01629638671875
939.5696640014648,499.75379943847656,107.19065856933594,276.3647766113281
942.4740753173828,500.6315460205078,113.71221923828125,270.7381286621094
946.6465301513672,502.76951599121094,114.45062255859375,270.7052917480469
943.7112007141113,498.2964782714844,112.42992401123047,270.22021484375
