839.0,210.0,105.0,268.0
838.2101936340332,209.6117706298828,108.1655502319336,264.1419372558594
840.5920372009277,213.41122436523438,104.05353546142578,260.31195068359375
851.0159378051758,208.99147033691406,93.34550476074219,263.9376525878906
858.466552734375,210.96029663085938,89.55084228515625,263.7166748046875
861.3965339660645,210.15805053710938,87.5794906616211,259.22174072265625
867.5865516662598,212.70889282226562,85.12773895263672,255.00653076171875
864.2653579711914,218.87867736816406,82.55497741699219,253.66867065429688
872.5437889099121,231.64285278320312,83.67432403564453,238.3983154296875
873.8064193725586,236.2903289794922,81.02980041503906,234.01846313476562
859.1626319885254,229.73666381835938,100.37432098388672,238.1865234375
854.3558502197266,238.78966522216797,102.11282348632812,229.11183166503906
856.6454582214355,244.17090606689453,83.1740493774414,220.1761932373047
852.5439720153809,240.2655029296875,79.60553741455078,224.51885986328125
859.0613594055176,240.57305908203125,72.61556243896484,223.30029296875
860.4986534118652,239.86927032470703,71.94348907470703,215.7140350341797
862.1032562255859,230.0685043334961,74.29718017578125,219.0221710205078
866.5082511901855,226.4613265991211,88.15979766845703,216.81700134277344
869.5921058654785,224.48162841796875,92.0251693725586,216.35470581054688
877.7781066894531,226.85748291015625,90.76260375976562,217.45516967773438
891.1534576416016,233.01983642578125,80.20037841796875,209.83279418945312
900.8655624389648,240.4990005493164,75.66996765136719,205.98194885253906
910.9939498901367,249.6553192138672,80.92765808105469,205.3372802734375
913.5273208618164,261.7611083984375,84.72737121582031,204.13925170898438
913.8710250854492,285.95848846435547,82.92088317871094,201.90245056152344
917.8561134338379,306.58260345458984,82.31404876708984,196.52915954589844
929.716064453125,331.1071319580078,88.21603393554688,205.40020751953125
942.6619911193848,335.2275924682617,88.9786605834961,234.3099822998047
916.4242973327637,268.91038513183594,123.80213165283203,350.7562255859375
961.9300765991211,259.3954467773437,93.08634948730469,372.29159545898443
947.2610244750977,408.5959243774414,81.82582092285156,187.01637268066406
953.2269744873047,414.78479766845703,79.85211181640625,189.53773498535156
949.5523643493652,426.2622299194336,82.50931549072266,191.2435760498047
943.6946258544922,446.4967956542969,91.63885498046875,181.16433715820312
940.3859519958496,451.87518310546875,92.24115753173828,181.04812622070312
940.0568504333496,461.2446517944336,94.07746124267578,182.86094665527344
943.6501045227051,474.14054107666016,90.16439056396484,186.06678771972656
945.347354888916,470.7021255493164,89.03844451904297,203.38868713378906
937.2459831237793,506.6616744995117,106.6087417602539,195.5804901123047
906.0332984924316,526.8475341796875,115.90251922607422,164.30862426757812
876.0221557617188,524.5240707397461,151.63427734375,146.7003631591797
877.2016448974609,526.0862579345703,158.96267700195312,177.595458984375
885.1561584472656,518.3929977416992,110.86517333984375,196.94956970214844
888.7072525024414,488.9021987915039,101.76457214355469,205.5777130126953
919.0830421447754,437.93666076660156,71.41997528076172,218.36199951171875
911.301456451416,407.9067153930664,79.27046966552734,224.18955993652344
886.3579597473145,378.6554412841797,103.16136932373047,224.1761474609375
880.1311302185059,363.77093505859375,97.65872955322266,220.60781860351562
840.5074920654297,330.38404083251953,113.0648193359375,226.07191467285156
839.5635986328125,303.15686798095703,94.74911499023438,237.62818908691406
833.5428733825684,294.5362319946289,102.65238189697266,229.0157012939453
815.905647277832,284.2749481201172,108.52772521972656,229.5367431640625
816.3732986450195,266.68582916259766,96.90315246582031,237.38478088378906
822.3311614990234,252.97443389892578,87.60308837890625,242.4208526611328
831.2575912475586,246.82645416259766,80.56901550292969,243.83436584472656
832.9684829711914,242.32294464111328,85.01606750488281,246.79383850097656
842.3225250244141,236.34929656982422,81.5614013671875,247.3176727294922
845.7931060791016,224.32681274414062,74.38983154296875,255.04421997070312
852.2203750610352,226.5406494140625,77.97682189941406,254.19497680664062
853.4678230285645,226.36203002929688,86.35393524169922,257.8572692871094
855.179931640625,233.81788635253906,90.36740112304688,257.84930419921875
864.1366081237793,245.79666900634766,86.27588653564453,253.89820861816406
866.0140647888184,261.4842529296875,86.14310455322266,257.8453674316406
870.5561790466309,284.6776428222656,81.74295806884766,258.5185241699219
871.1245613098145,303.87255859375,85.40270233154297,253.57241821289062
873.9600524902344,303.5735778808594,81.77297973632812,256.3587951660156
870.1478233337402,289.86761474609375,82.0364761352539,258.2032165527344
868.7179069519043,268.06597900390625,82.33655548095703,260.0173645019531
875.0831604003906,239.49331665039062,83.16683959960938,258.6385803222656
880.3552894592285,220.8597869873047,89.00301361083984,258.34027099609375
896.8461761474609,216.2291717529297,84.58636474609375,261.9371337890625
906.0105438232422,217.05477905273438,85.38568115234375,259.7152404785156
917.8543090820312,219.0263214111328,84.24740600585938,258.17431640625
934.9083213806152,225.96563720703125,81.9637222290039,252.74417114257812
942.992733001709,242.3305206298828,87.4888687133789,257.82867431640625
950.0710830688477,253.25030517578125,85.86958312988281,257.7785949707031
949.5705909729004,273.34600830078125,89.58296966552734,254.98068237304688
951.0068244934082,297.47850799560547,101.63573455810547,244.69139099121094
953.8358383178711,307.32215881347656,102.59458923339844,244.42413330078125
949.730712890625,323.9512176513672,109.15151977539062,238.12457275390625
939.1505966186523,336.2614517211914,117.60050964355469,230.98036193847656
913.8883209228516,344.6676788330078,134.17169189453125,221.49591064453125
873.4193267822266,354.4418411254883,135.1229248046875,206.3867950439453
866.9818878173828,352.7284851074219,126.42071533203125,207.06307983398438
844.7747802734375,365.55289459228516,132.31558227539062,182.15846252441406
829.9605712890625,367.41431427001953,132.53964233398438,195.65675354003906
850.2327537536621,347.90904998779297,88.91300201416016,198.5670623779297
870.2655715942383,299.0780563354492,68.56593322753906,233.66859436035156
922.0850105285645,274.3785095214844,84.05815887451172,208.72381591796875
907.6601104736328,430.92395782470703,140.009033203125,223.32823181152344
920.0362243652344,266.7339172363281,105.82608032226562,272.6418151855469
647.9386138916016,154.0961151123047,529.0447387695312,524.7796630859375
770.1515350341797,17.651199340820312,391.01123046875,780.9807739257812
530.8199768066406,18.890151977539062,426.6650695800781,748.3246459960938
576.4037780761719,145.5912322998047,332.2550354003906,587.4176025390625
629.3851165771486,225.0418395996095,321.3968505859375,471.1210021972656
576.942222595215,175.1959228515626,174.4576873779297,420.7338562011719
688.2701110839845,223.36042785644543,136.77407836914062,291.15423583984375
777.6928176879884,224.81505584716808,141.77442932128906,253.5649871826172
798.4960403442384,188.4474334716798,137.31166076660156,271.90350341796875
818.6806793212893,184.9547424316408,140.8597412109375,277.1134948730469
848.8833236694338,195.99607849121116,131.0267791748047,269.9901123046875
886.3971862792971,192.8131256103518,131.68630981445312,281.83642578125
903.1052551269534,224.2825622558596,125.05532836914062,266.2816467285156
900.959167480469,213.99075317382835,122.71182250976562,292.2023010253906
900.1261215209963,208.87957763671898,132.14903259277344,308.3945617675781
891.5792160034182,270.05252075195335,142.1820526123047,257.9172058105469
889.3355255126955,275.6867828369143,133.66497802734375,262.25018310546875
890.3209457397463,307.63289642334007,123.73155212402344,249.2251434326172
885.0965805053713,329.0362548828127,124.34538269042969,245.95950317382812
897.6556625366213,358.45149230957054,102.18272399902344,246.4132080078125
894.508743286133,381.5165710449221,110.04925537109375,249.29446411132812
896.5344619750979,402.7674255371096,111.54035949707031,237.03372192382812
903.2046051025393,412.94197082519554,105.9857177734375,234.485107421875
912.5684356689455,409.31101989746116,98.6824951171875,237.6793212890625
920.0859031677248,416.08725738525413,89.9406509399414,230.4931182861328
918.669818878174,407.8065109252932,97.76506805419922,239.75987243652344
921.8919258117678,409.47624969482445,98.70861053466797,238.68687438964844
918.4424743652346,408.81324005126976,95.02169799804688,240.4927520751953
920.6717872619631,401.59433746337913,95.05269622802734,240.6345977783203
918.042060852051,389.0330505371096,96.90669250488281,242.23818969726562
920.4369239807131,368.9909133911135,96.72628021240234,236.48072814941406
917.2942237854006,332.2866439819338,97.75460052490234,239.81297302246094
919.5321350097659,316.6754150390627,94.96719360351562,230.82565307617188
922.3186378479006,299.7663955688479,91.2439193725586,224.9655303955078
922.5207519531252,266.9509201049807,92.70040893554688,234.86363220214844
919.2357406616213,237.3740386962893,103.02775573730469,242.60455322265625
920.0208511352541,239.07754516601585,109.03364562988281,243.81338500976562
932.3929367065432,232.3445739746096,110.10258483886719,247.29830932617188
939.30774307251,216.15283203125023,122.87520599365234,257.4576110839844
947.4841041564944,206.2743835449221,123.99214935302734,260.0873718261719
964.395317077637,191.88406372070335,111.32389831542969,259.7068176269531
967.7755470275881,181.5046081542971,107.7574691772461,260.1603088378906
977.4949493408205,176.47448730468773,101.572509765625,264.1563415527344
981.5172042846682,181.4793853759768,95.22660827636719,265.385009765625
985.2521972656252,192.99035644531273,92.45761108398438,262.3218688964844
987.779438018799,201.66052246093773,89.92687225341797,265.5796813964844
986.7039031982424,199.41265869140648,87.17791748046875,264.0351257324219
987.7708282470705,204.32836914062523,88.49493408203125,263.2134094238281
990.1126060485842,206.24261474609398,84.8692398071289,261.6315612792969
989.5889511108401,207.7325592041018,85.23027038574219,259.6214599609375
993.5080986022951,208.49633789062523,84.34467315673828,261.0096740722656
994.2989845275881,207.4301452636721,83.79610443115234,264.9468688964844
995.4439811706545,205.6554107666018,81.31287384033203,265.434814453125
995.7769203186037,201.78472900390648,83.48519134521484,262.8700866699219
997.4189796447756,195.53955078125023,80.8570785522461,260.2012634277344
999.5710830688479,188.5934753417971,81.67366027832031,263.0296936035156
997.2929687500002,182.65208435058616,83.78677368164062,262.54754638671875
992.9316558837893,178.9107360839846,88.03228759765625,260.0067443847656
988.3626060485842,174.77447509765648,89.8719253540039,262.6056213378906
981.9940986633303,178.4249420166018,87.93181610107422,263.26678466796875
976.5127983093264,182.56993103027366,94.79608917236328,264.12384033203125
968.93811416626,196.55560302734398,100.6135482788086,261.6614685058594
977.6203460693362,220.55577087402366,99.404052734375,260.1607666015625
963.7371978759768,233.78312683105491,105.1693115234375,261.5281982421875
964.17151260376,268.2697753906252,99.3829574584961,246.01455688476562
955.7830238342287,272.7408599853518,105.6101303100586,258.04119873046875
965.2229499816897,295.2991638183596,100.60863494873047,257.9431457519531
966.1033058166506,318.3904724121096,96.07747650146484,255.75314331054688
967.0191726684573,333.67781829834007,100.11775207519531,255.74034118652344
969.7974586486819,351.8311920166018,97.11299896240234,252.4542236328125
974.9510231018069,367.1301422119143,92.2381820678711,256.40924072265625
960.8325233459475,376.52720642089866,97.3498764038086,257.165283203125
967.3725051879885,386.5097808837893,95.94764709472656,255.83563232421875
958.3228721618655,400.0540924072268,103.36612701416016,257.3038330078125
948.04944229126,418.92282867431663,115.5497055053711,254.2744903564453
956.3512268066409,449.20803833007835,108.07479858398438,255.44735717773438
954.692378997803,467.1260986328127,110.7081069946289,255.57058715820312
960.2597961425784,479.96658325195335,106.27047729492188,253.86569213867188
960.6661682128909,467.4643707275393,93.36141967773438,255.62542724609375
942.3440895080569,435.49905395507835,88.9222640991211,256.1338806152344
931.0788841247561,395.2621002197268,92.6678237915039,251.55450439453125
931.0002288818362,351.7899627685549,93.7847900390625,256.807373046875
931.9664154052737,317.79454040527366,100.472412109375,258.0411376953125
926.7195320129397,306.60916137695335,91.50157928466797,254.96939086914062
916.8995285034182,300.2314147949221,94.86772155761719,258.1717224121094
918.2129821777346,302.9577636718752,94.37020874023438,259.5591735839844
915.4956512451174,304.813659667969,93.1351318359375,257.3312683105469
901.3243675231936,309.5214538574221,114.9264907836914,259.5043640136719
921.0532989501955,322.18846130371116,101.28887939453125,256.9315185546875
926.7294235229494,331.9664230346682,98.13902282714844,255.0037078857422
917.399898529053,336.93077087402366,99.88724517822266,257.82244873046875
905.2033348083498,345.7183837890627,101.69535064697266,255.32363891601562
904.2826728820803,356.13315582275413,95.48381805419922,254.61561584472656
900.4229583740237,367.2295379638674,91.5699462890625,256.960693359375
894.6598930358889,365.3990936279299,76.37555694580078,263.52874755859375
858.3858261108401,375.9699859619143,130.1973114013672,275.7193603515625
779.0539779663088,294.91893005371116,155.65049743652344,327.24273681640625
594.9892387390139,294.2365722656252,116.39603424072266,288.0949401855469
596.3386459350588,285.3418579101565,109.63874816894531,285.7456359863281
599.0738792419436,277.5605163574221,110.42029571533203,284.9370422363281
598.2325706481936,284.9904022216799,99.90570831298828,282.666259765625
601.7338104248049,301.78584289550804,88.29476928710938,287.4425048828125
592.1146507263186,322.1613922119143,115.76038360595703,311.98486328125
316.6585388183596,197.68656921386741,635.5447387695312,656.2522583007812
397.1193542480471,0,515.5090942382812,903.2379302978518
396.1301269531252,8.227363586425895,501.255859375,882.718994140625
311.9733886718752,0,480.334716796875,912.0476150512696
265.452819824219,1.6265602111816406,394.3558349609375,935.8198852539062
300.9527282714846,21.64902114868164,355.52911376953125,955.0918579101562
269.07083129882835,12.39023208618164,331.74139404296875,979.4448852539062
274.6328277587893,64.45349502563477,365.2831726074219,881.226318359375
327.0298004150393,73.35269546508789,338.7983093261719,615.0280151367188
838.787910461426,294.2433204650879,192.46812438964844,320.94622802734375
954.096977233887,345.288501739502,96.54811096191406,255.28164672851557
959.5872611999514,335.8416328430176,92.19205474853516,254.85934448242188
962.6973381042483,335.3674659729004,88.79227447509766,256.8082275390625
966.253170013428,337.6865577697754,87.83246612548828,257.4619140625
967.8167457580569,337.91191482543945,89.19902801513672,260.4060974121094
968.7842597961428,339.97519302368164,90.22481536865234,256.64971923828125
967.2127418518069,341.50170516967773,96.62456512451172,255.8925323486328
959.5153656005862,343.4820747375488,107.00546264648438,249.24795532226562
954.5848693847659,338.0530204772949,113.31829833984375,243.48155212402344
963.9504470825198,338.09888076782227,94.89707946777344,249.14215087890625
976.1447639465334,337.27936935424805,77.5487289428711,254.70042419433594
990.045162200928,343.62790298461914,70.89862823486328,244.57061767578125
1016.5228157043459,350.72646713256836,85.7066879272461,235.26844787597656
1040.116035461426,351.35277938842773,133.53025817871094,234.1911163330078
1038.1511993408205,347.88276290893555,130.35006713867188,227.9368133544922
1032.4736785888674,339.1386528015137,132.96182250976562,234.48057556152344
1035.3586273193362,338.9403648376465,164.81655883789062,234.9759063720703
1054.488349914551,314.5087928771972,126.02708435058594,257.2171020507813
1062.2361869812014,287.31633377075195,86.79959869384766,269.8144226074219
1062.5380744934084,280.26091384887695,85.49654388427734,263.3049621582031
1056.6758460998537,283.31982803344727,85.03166961669922,256.232666015625
1050.2828674316409,291.84284591674805,101.27642822265625,238.3376922607422
1061.069030761719,295.7853584289551,100.8719482421875,231.83737182617188
1090.3517112731936,294.13928604125977,115.59339141845703,232.48681640625
1091.7508239746096,281.7234535217285,119.43499755859375,238.50665283203125
1079.2701721191409,272.61182022094727,131.53424072265625,242.1851806640625
828.2171630859377,146.25024795532227,247.76779174804688,419.1640625
882.6627731323244,203.1160011291504,128.22032165527344,326.05889892578125
894.4115524291994,199.04762649536133,106.91569519042969,325.2219543457031
1059.2737007141116,307.63537216186523,84.66088104248047,228.28773498535156
999.899353027344,309.8055229187012,118.8544921875,237.3415985107422
997.7527427673342,323.989688873291,104.07740020751953,233.13958740234375
1007.8847579956057,338.80466079711914,94.04475402832031,240.89837646484375
998.5244293212893,357.8119239807129,96.37002563476562,240.601806640625
945.7638015747073,375.2647132873535,144.68492126464844,240.94195556640625
946.5857238769534,377.88268661499023,144.30120849609375,238.1147003173828
1006.6297760009768,364.9083061218262,94.38406372070312,236.6206512451172
1014.8149223327639,347.9983100891113,85.0074234008789,234.36288452148438
1016.8908042907717,326.2988471984863,67.63733673095703,232.85134887695312
1003.1427459716799,308.5194969177246,80.97988891601562,237.92393493652344
987.8550071716311,295.4743766784668,94.90143585205078,238.6067657470703
1006.8904685974123,274.20615005493164,73.79816436767578,241.96218872070312
1004.1554756164553,263.1043357849121,77.00960540771484,239.1393585205078
989.9558448791506,249.1774024963379,106.16020965576172,243.6175537109375
1037.8740539550784,247.73444747924805,91.54266357421875,237.1118621826172
1056.2994804382326,250.3329734802246,83.29544830322266,235.5722198486328
1065.6040840148928,254.86700820922852,89.7213363647461,229.2476806640625
1065.294845581055,257.6701545715332,79.24142456054688,217.02157592773438
1039.3190231323244,247.30177688598633,112.14179992675781,221.51968383789062
1062.2091941833498,234.02058792114258,104.09564971923828,232.76309204101562
1073.6422843933108,240.57226181030273,104.6822280883789,223.67420959472656
1083.8559761047366,246.02080917358398,86.7531967163086,218.2085723876953
1097.318096160889,250.56142807006836,77.63089752197266,210.85438537597656
1106.9531288146975,243.88515090942383,70.72936248779297,216.68124389648438
1107.0180664062502,239.4906883239746,71.52212524414062,223.7075653076172
1099.9293060302737,239.1083869934082,71.63430786132812,224.74127197265625
1094.3653144836428,241.1457633972168,77.42720794677734,219.2006378173828
1094.8021316528323,236.25351333618164,73.39433288574219,216.89517211914062
1099.0152091979983,245.3133659362793,65.3796157836914,204.8607635498047
1103.8152084350588,226.61558151245117,67.11726379394531,215.14878845214844
1105.7135124206545,224.02690505981445,67.6363296508789,212.88497924804688
1105.267444610596,235.37560653686523,74.69353485107422,192.50599670410156
1105.2879371643069,212.12260818481445,93.47139739990234,210.83755493164062
1106.578968048096,212.84282302856445,99.79528045654297,207.01718139648438
1103.5180091857912,209.01300430297852,96.9035873413086,206.10015869140625
1098.4119300842287,209.9497947692871,78.15926361083984,206.00209045410156
1094.7603721618655,205.93388748168945,73.1304702758789,208.63333129882812
1088.4635696411135,200.91524124145508,68.78590393066406,209.13580322265625
1075.6124267578127,193.1959571838379,68.57940673828125,216.49667358398438
1061.2525444030764,202.18418502807617,68.74051666259766,206.35118103027344
1041.536991119385,181.16388320922852,71.35924530029297,219.04632568359375
1034.4741668701174,162.22306442260742,77.31088256835938,213.89198303222656
1047.287780761719,146.79744338989258,76.82293701171875,218.46841430664062
1046.607978820801,133.1531867980957,72.43022155761719,222.345703125
1035.902412414551,121.63559341430664,70.26206970214844,223.05731201171875
1034.034736633301,106.19272232055661,72.86433410644531,223.73294067382815
1043.4582748413088,94.49544143676758,80.98539733886719,222.05401611328125
1042.81018447876,106.42736434936523,77.6895980834961,223.27049255371094
1036.8688850402834,132.28474044799805,83.69988250732422,224.7959747314453
1050.9075698852541,158.62565994262695,87.66291809082031,216.90509033203125
1049.6832580566409,190.74128341674805,112.59957885742188,217.74635314941406
1033.8341751098635,210.22957229614258,130.84107971191406,217.291259765625
1050.1618728637698,197.46996688842773,81.77748107910156,217.2103729248047
848.2330551147463,124.41971206665039,119.78582763671875,328.118896484375
1048.1271018981936,240.2528190612793,100.81780242919922,233.41807556152344
1041.181507110596,295.814022064209,104.07093048095703,228.7541046142578
1036.4454002380373,357.3384437561035,106.12261199951172,226.11871337890625
1033.3727684020998,410.5940055847168,99.05944061279297,218.4506072998047
1032.4168243408205,443.1208305358887,90.13307189941406,221.22142028808594
1030.1954154968264,445.8460121154785,94.9148178100586,214.2919921875
1032.1154365539553,428.1936225891113,92.13141632080078,213.52066040039062
1028.1787872314455,410.58562088012695,96.53053283691406,212.84207153320312
1031.2037429809573,394.55956649780273,89.90634155273438,218.8805694580078
1031.8911895751955,400.9200248718262,88.60334777832031,219.05870056152344
1045.9877052307131,423.43242263793945,77.63175201416016,216.88717651367188
1054.3298721313479,426.99028396606445,70.08291625976562,220.39041137695312
1063.0401573181155,421.1891059875488,73.12328338623047,228.54690551757812
1068.0103187561037,409.74985122680664,89.5832290649414,233.96395874023438
1066.3256416320803,371.7774772644043,83.71234893798828,255.3488311767578
1065.5643539428713,392.15417861938477,78.2528076171875,225.01931762695312
1071.804668426514,378.5891304016113,66.09358978271484,236.80914306640625
1084.7398700714114,378.1199607849121,57.61173629760742,238.0403594970703
1091.5623283386233,351.8447380065918,69.86870574951172,243.9012908935547
1100.4587059020998,340.2719841003418,92.30977630615234,238.56138610839844
1108.2878265380862,323.6330451965332,107.87809753417969,251.36972045898438
1106.277656555176,332.83415603637695,104.45550537109375,258.4270935058594
1077.3218269348147,372.1961479187012,89.57413482666016,240.53245544433594
1037.6150245666506,391.46625900268555,80.13407135009766,239.10948181152344
1033.6180686950686,406.9788398742676,87.76177215576172,229.93118286132812
1013.0712623596194,403.00841903686523,86.08133697509766,233.0210723876953
952.5224227905276,380.0900764465332,82.35968017578125,232.81375122070312
938.200378417969,373.5525321960449,81.42417907714844,225.6905975341797
918.5829124450686,372.1112174987793,75.68392181396484,213.25889587402344
862.3882789611819,351.9921073913574,91.0027847290039,216.4104766845703
844.285411834717,349.4986228942871,97.8703842163086,215.19248962402344
835.0059013366701,344.6269950866699,79.2812728881836,218.9809112548828
827.3642005920412,344.5183296203613,69.17371368408203,221.2293701171875
837.9212722778323,345.0462455749512,89.1494140625,222.43748474121094
842.4409561157229,353.84172439575195,132.71490478515625,222.62069702148438
867.9107437133791,367.98908615112305,149.56982421875,220.2881317138672
924.8147125244143,374.2869987487793,154.61436462402344,218.4477996826172
989.2896423339846,374.488224029541,103.86866760253906,217.822509765625
1031.9642105102541,369.8441352844238,89.61187744140625,222.69284057617188
1061.339782714844,369.30078506469727,76.15913391113281,222.5321044921875
1090.4742660522463,371.1185493469238,70.31198120117188,218.03549194335938
1117.1813087463381,374.3154106140137,96.57202911376953,212.25877380371094
1144.3466148376467,353.5250663757324,127.49263763427734,224.4759979248047
1175.9675178527834,340.67990493774414,119.81937408447266,225.4796142578125
1209.2263908386233,326.8392906188965,87.85234832763672,224.0670928955078
1221.067607879639,325.15056228637695,91.20269012451172,202.53683471679688
1237.3663406372073,296.184757232666,89.1806640625,216.59835815429688
1244.490776062012,295.417293548584,90.96615600585938,205.9692840576172
1228.4738082885744,268.0403251647949,101.20950317382812,216.6637420654297
1171.7977447509768,256.2312660217285,147.7974090576172,214.654052734375
1156.839080810547,239.15285873413086,143.61317443847656,220.78297424316406
1188.3178367614748,227.38528060913086,118.9504623413086,223.28211975097656
1204.7277603149416,225.72995376586914,100.9234619140625,221.421630859375
1203.6178817749026,227.31789016723633,104.24441528320312,224.98324584960938
1200.0917091369631,226.57858657836914,108.57312774658203,223.7569580078125
1168.0783538818362,233.16497421264648,138.1719207763672,220.95338439941406
1147.3542480468752,240.62469100952148,163.6215362548828,216.99623107910156
1194.2955551147463,258.27875900268555,118.12283325195312,217.3007049560547
1200.8054428100588,282.45226669311523,101.09036254882812,214.2993927001953
1189.794647216797,292.1080131530762,104.94667053222656,220.3757781982422
1173.4004364013674,307.2832374572754,106.01274108886719,218.25567626953125
1168.1996231079104,336.339412689209,103.2197265625,207.4934844970703
1168.5535850524905,356.6159019470215,95.07503509521484,205.5895538330078
1168.3934326171877,360.87826919555664,93.09785461425781,217.583251953125
1160.5419921875002,374.30492782592773,108.37440490722656,215.77113342285156
1108.1673965454104,400.5354804992676,168.3984375,201.82559204101562
1107.7346038818362,398.98740005493164,145.69883728027344,212.84027099609375
1151.8776741027834,399.48894119262695,98.0798110961914,214.09597778320312
1156.8757095336916,399.9706001281738,94.2882080078125,213.31649780273438
1154.9754791259768,397.9115180969238,98.49790954589844,213.69979858398438
1147.2929267883303,396.6458930969238,101.4974136352539,216.67825317382812
1122.8295555114748,399.27270889282227,122.8590316772461,214.41802978515625
1108.1467895507815,416.08686447143555,148.4309844970703,207.67832946777344
1141.5880622863772,427.1411552429199,113.56143951416016,207.4249725341797
1152.607116699219,446.84292221069336,97.75672912597656,203.3172149658203
1145.5281372070315,448.07907485961914,96.99696350097656,211.990478515625
1131.2390327453616,449.3102378845215,118.1688003540039,218.00868225097656
1145.113796234131,439.247989654541,97.5599594116211,217.64520263671875
1143.4203681945803,435.1961250305176,96.70719146728516,207.74331665039062
1144.0116767883303,408.5118980407715,95.38541412353516,212.0911407470703
1141.9868621826174,376.99316787719727,88.41111755371094,214.18804931640625
1134.157539367676,335.6053657531738,118.05450439453125,213.03082275390625
1089.160583496094,291.9212226867676,159.0354766845703,212.839599609375
1101.9848632812502,263.3606376647949,129.3627471923828,216.7415313720703
1132.6964073181155,244.3708839416504,96.8513412475586,215.95956420898438
1134.1401863098147,237.6745719909668,94.1232681274414,216.52198791503906
1136.2842407226565,239.8002586364746,95.09828186035156,214.2787322998047
1108.7961425781252,227.3936653137207,128.40577697753906,249.7181396484375
1085.7232627868655,232.5315818786621,116.9863510131836,221.4296112060547
1079.7583236694338,235.4567527770996,166.29232788085938,215.71678161621094
1120.3402938842776,228.52692794799805,118.59347534179688,217.81300354003906
1136.2852516174319,223.66840744018555,94.91748809814453,218.66151428222656
1116.8115386962893,226.28004837036133,116.61796569824219,216.66595458984375
1119.1947097778323,222.06928634643555,115.40167236328125,216.93934631347656
1130.9465370178225,221.6390037536621,108.11811065673828,215.8907928466797
1141.1594161987307,220.2101173400879,90.08700561523438,215.52615356445312
1143.0010643005373,220.51584243774414,90.46248626708984,216.94924926757812
1122.9077529907229,219.0651741027832,130.8677978515625,218.77362060546875
1094.339065551758,220.0756492614746,168.46849060058594,217.5370330810547
1112.689693450928,227.90293502807617,118.2405014038086,212.1116485595703
1114.4115943908694,222.08545303344727,110.54511260986328,216.68698120117188
1107.416801452637,223.88879776000977,124.00552368164062,218.48104858398438
1093.0553131103518,221.25544357299805,138.8334197998047,219.89772033691406
1086.7229614257815,224.94072341918945,138.61170959472656,217.33758544921875
1105.613838195801,219.61669540405273,131.45587158203125,221.31504821777344
1113.5251541137698,216.61645126342773,143.8035888671875,220.91966247558594
1141.5122299194338,217.84234237670898,96.51535034179688,223.79026794433594
1147.7943992614748,221.56451034545898,88.2293930053711,217.32688903808594
1135.0568771362307,229.76327896118164,132.08987426757812,215.67459106445312
1145.0857315063479,223.5020866394043,106.61865234375,222.4897003173828
1156.262073516846,231.0219383239746,93.12894439697266,221.4132537841797
1161.851875305176,237.34767532348633,90.24237060546875,221.43804931640625
1160.3281402587893,243.54621505737305,93.57194519042969,222.0774688720703
1109.2299957275393,272.6985282897949,169.97325134277344,209.9522247314453
1092.8908691406252,288.0425605773926,170.34547424316406,208.28155517578125
1133.359573364258,306.36465072631836,105.51206970214844,215.03453063964844
1111.9565734863284,333.6194496154785,119.98939514160156,207.15206909179688
1109.9389266967776,329.17841720581055,108.88375854492188,210.05335998535156
1117.2220726013186,339.3281440734863,82.6855697631836,209.549072265625
998.4096145629885,330.91220474243164,77.43670654296875,182.3126220703125
1099.3268508911135,336.35055923461914,122.447509765625,213.17132568359375
1073.3648834228518,334.13107681274414,145.68321228027344,213.38671875
1075.0364379882815,340.20407485961914,165.1396026611328,208.92535400390625
1094.6369934082034,335.6760444641113,129.0614776611328,217.30691528320312
1121.6910476684573,332.9281883239746,85.95196533203125,217.4428253173828
1104.9437522888186,341.14199447631836,125.02950286865234,214.82264709472656
1108.2911643981936,336.4084892272949,103.76790618896484,222.2347869873047
1106.737976074219,333.46601486206055,99.47993469238281,227.04917907714844
1100.9128875732424,335.6373481750488,112.71836853027344,226.04843139648438
1110.0965003967287,339.6805229187012,100.57813262939453,221.5413055419922
1112.0028724670412,340.55644607543945,91.47107696533203,217.64700317382812
1109.491321563721,342.0228462219238,94.7240982055664,217.76699829101562
1062.3684082031252,324.09316635131836,140.6168975830078,237.5462188720703
1065.7586593627932,348.32021713256836,128.47012329101562,209.5370635986328
1092.373027801514,348.671817779541,98.16838836669922,213.74603271484375
1097.2892417907717,348.0744819641113,70.47286224365234,216.43136596679688
1074.4792251586916,353.3064155578613,92.02731323242188,213.80429077148438
1035.178161621094,348.5526924133301,94.60090637207031,209.00906372070312
984.5370178222659,338.7442512512207,109.55976867675781,206.21054077148438
936.6694946289065,324.7723274230957,136.0291290283203,205.14352416992188
905.1563796997073,302.18555068969727,142.591796875,211.44573974609375
869.7961502075198,288.49990463256836,145.55914306640625,213.05726623535156
862.869281768799,274.39397048950195,109.06864166259766,218.98910522460938
876.06164932251,277.5304527282715,89.67890167236328,219.5828399658203
895.2744026184084,289.97951889038086,93.5320816040039,220.8771514892578
927.2116508483889,300.6841468811035,93.68706512451172,219.680908203125
973.639057159424,321.7823371887207,87.7537612915039,212.94253540039062
1006.8159675598147,330.6423683166504,88.7011489868164,217.92877197265625
1038.4313545227053,341.4858818054199,93.9561538696289,215.22532653808594
1046.6131668090823,342.47946548461914,114.7783203125,213.162109375
1039.5107192993166,340.6001777648926,149.2686767578125,209.75930786132812
1100.842510223389,326.117618560791,111.90489959716797,218.9307861328125
1139.4263877868655,319.97372817993164,100.9696273803711,213.50042724609375
1144.986568450928,313.37954330444336,86.58650970458984,208.8604278564453
1097.3023490905764,296.55532455444336,99.78023529052734,216.75343322753906
1040.2693672180178,295.1430473327637,118.12616729736328,212.1669158935547
999.1588668823244,294.3902397155762,131.16033935546875,213.6726531982422
942.032783508301,298.4250907897949,139.67684936523438,210.51902770996094
891.1856460571291,303.5889320373535,158.84396362304688,207.83990478515625
891.4616012573244,311.1745262145996,143.6571044921875,204.80763244628906
912.6206893920901,318.5438804626465,137.84588623046875,205.42628479003906
985.963390350342,320.8854866027832,96.20174407958984,207.35385131835938
1016.3371276855471,318.5447654724121,92.39140319824219,212.76075744628906
1040.8609619140627,321.5200614929199,93.30961608886719,212.96641540527344
1070.8782310485842,324.8695411682129,93.59691619873047,210.3677978515625
1083.0073966979983,323.49779891967773,101.43795013427734,207.0161895751953
1081.6004028320315,317.3490333557129,123.16319274902344,213.3592529296875
1056.4775695800784,314.966365814209,155.16184997558594,214.56629943847656
1079.3213043212893,334.14977645874023,167.74977111816406,204.33290100097656
1074.9778442382815,329.82129287719727,157.8335418701172,214.21435546875
1087.003959655762,340.78559494018555,147.98760986328125,207.5580291748047
1104.0888290405276,352.11867904663086,136.57366943359375,203.7397003173828
1100.9597091674807,366.04311752319336,126.9439697265625,203.83985900878906
1096.4867019653323,384.9434700012207,133.78866577148438,200.41189575195312
1088.1374130249026,400.7114448547363,134.63885498046875,203.47482299804688
1091.4384536743166,399.21611404418945,151.94949340820312,211.55728149414062
1120.0001029968264,401.01567459106445,106.0494613647461,214.72457885742188
1122.1128540039065,276.401309967041,105.51445007324219,356.97027587890625
1137.9458923339846,388.8295249938965,96.48735046386719,230.28541564941406
1136.0234413146975,388.5188636779785,87.68534088134766,208.55145263671875
1140.527225494385,362.1004219055176,89.21866607666016,212.28125
1138.0416374206545,341.51684188842773,91.20418548583984,217.41868591308594
1139.7925033569338,310.0971565246582,93.73046875,206.30203247070312
1137.6896133422854,284.2625846862793,96.81961059570312,215.77146911621094
1134.339336395264,249.90803146362305,91.95906829833984,213.55625915527344
1091.1757583618166,233.14166641235352,136.87240600585938,215.9317626953125
1086.064147949219,236.47260665893555,144.40281677246094,213.26756286621094
1108.40735244751,252.17920303344727,126.85440826416016,208.17626953125
1116.726444244385,273.2244987487793,118.41092681884766,209.40208435058594
1110.2332038879397,289.3593406677246,111.04486846923828,214.56007385253906
1106.6904373168948,311.19982528686523,124.89517211914062,215.4197540283203
1116.6297302246096,338.54055404663086,103.63499450683594,210.7058868408203
1123.3895835876467,363.48486709594727,106.71923065185547,210.3743896484375
1116.3850669860842,364.9330253601074,112.31243133544922,217.86314392089844
1118.2164154052737,376.7854194641113,113.22828674316406,208.26254272460938
1127.6583824157717,372.289363861084,108.64324188232422,206.85084533691406
1139.788814544678,360.3385887145996,90.40789031982422,208.1951446533203
1149.8972778320315,335.7766456604004,96.56138610839844,215.3482666015625
1153.1493034362795,328.5467109680176,97.26155853271484,208.68527221679688
1159.0442123413088,303.1531562805176,90.76861572265625,215.87057495117188
1160.1682319641116,287.6901512145996,95.15808868408203,215.53810119628906
1159.9897880554201,284.5266914367676,98.60604095458984,206.83187866210938
1155.1019134521487,251.58915328979492,100.05201721191406,223.10997009277344
1152.4495391845705,228.42775344848633,100.46638488769531,223.44204711914062
1118.9475555419924,231.80438613891602,134.6427764892578,216.818115234375
1094.587371826172,238.70143508911133,159.8168182373047,213.95065307617188
1087.8040924072268,235.37665176391602,165.23194885253906,221.6441650390625
1106.4807510375979,250.94718551635742,142.96884155273438,213.37388610839844
1131.309883117676,262.592586517334,117.07534790039062,219.33326721191406
1133.065383911133,268.4086723327637,111.63569641113281,218.52708435058594
1122.444778442383,306.2131233215332,127.72792053222656,214.55923461914062
1119.514099121094,323.7593650817871,132.84910583496094,218.7809600830078
