1375.0,376.0,182.0,144.0
1385.0197448730469,356.8951416015625,204.93096923828125,172.07781982421875
1364.4772033691406,367.86033630371094,229.831787109375,158.34317016601562
1347.7075271606445,390.2366638183594,212.52671813964844,130.18365478515625
1345.6274642944336,411.3174476623535,207.4594268798828,126.71318817138672
1336.0535125732422,436.4246520996094,196.64486694335938,129.45721435546875
1320.5387420654297,444.48548126220703,194.53146362304688,125.98985290527344
1282.148826599121,420.7587585449219,177.73377990722656,138.83465576171875
1271.958724975586,400.39055252075195,156.52969360351562,123.53157806396484
1285.3469161987305,355.42726135253906,137.14137268066406,104.31771850585938
1289.2884979248047,316.6929244995117,177.41714477539062,102.97444152832031
1297.4165954589844,282.72377014160156,192.42279052734375,127.42483520507812
1260.7860107421875,292.3153305053711,184.38848876953125,161.28041076660156
1257.7190856933594,298.87107849121094,178.36712646484375,168.36367797851562
1246.3098831176758,356.9566116333008,177.95396423339844,136.18772888183594
1238.1249465942383,349.7859878540039,182.64732360839844,142.55357360839844
1263.1774978637695,336.79425048828125,148.64537048339844,147.60418701171875
1222.2172164916992,310.28564453125,188.5286407470703,151.9652099609375
1206.8804244995117,268.4867630004883,188.19874572753906,176.8654022216797
1176.1667861938477,275.82059478759766,193.08457946777344,143.43821716308594
1161.493034362793,291.4584274291992,187.56849670410156,137.11256408691406
1169.4759826660156,310.87255096435547,175.43035888671875,139.40638732910156
1148.8704452514648,331.59490966796875,197.2877960205078,140.7916259765625
1147.6356964111328,349.0156478881836,178.70260620117188,161.1164093017578
1136.5920639038086,339.89078521728516,159.39808654785156,158.25523376464844
1125.1607971191406,324.3916778564453,149.042236328125,153.71878051757812
1129.0927124023438,296.16249084472656,142.510498046875,147.72097778320312
1144.4101257324219,254.99610137939453,137.9234619140625,137.0586700439453
1142.2194290161133,229.40491485595703,156.18663024902344,146.28660583496094
1152.971778869629,216.93765258789062,162.11314392089844,145.1676025390625
1178.0558700561523,188.82453155517578,156.6172637939453,157.3632049560547
1205.3449935913086,166.21314239501953,156.6232452392578,174.6996307373047
1231.1315078735352,167.28123474121094,167.68162536621094,177.64584350585938
1250.272315979004,206.19026947021484,191.6606903076172,159.53028869628906
1261.6259078979492,255.0821533203125,196.9136505126953,151.85107421875
1261.7687225341797,294.3474349975586,194.65756225585938,162.0681915283203
1260.6043853759766,332.4700927734375,182.25180053710938,163.536865234375
1262.3399047851562,374.8212356567383,146.318115234375,182.3837127685547
1257.5425643920898,403.5017547607422,132.9767608642578,182.60891723632812
1248.768295288086,434.16746520996094,118.14126586914062,193.10812377929688
1245.4276275634766,446.16825103759766,111.29556274414062,174.7573699951172
1244.6464042663574,420.46805572509766,107.7394790649414,164.1277313232422
1237.409553527832,324.72779083251953,130.3212127685547,152.6110382080078
1249.4754333496094,282.77787017822266,183.37420654296875,135.6232452392578
1232.109001159668,226.49251556396484,185.36109924316406,138.5718231201172
1216.371566772461,179.34375762939453,190.50344848632812,149.86207580566406
1218.5708541870117,123.22386932373047,147.62147521972656,214.5188446044922
1193.6462707519531,157.16543579101562,140.0462646484375,210.40499877929688
1172.8529052734375,192.10225677490234,146.30419921875,194.4098358154297
1167.1563720703125,194.7636260986328,140.9468994140625,211.08221435546875
1187.0951080322266,185.97887420654297,129.08328247070312,183.30430603027344
1203.6183853149414,179.37380981445312,127.85887145996094,186.79916381835938
1224.70751953125,208.14900970458984,152.4010009765625,150.9307098388672
1233.3405380249023,238.98131561279297,193.8385772705078,111.79081726074219
1238.8413391113281,247.9785499572754,198.1683349609375,111.8841781616211
1232.6964111328125,248.83443450927734,198.01275634765625,130.72703552246094
1239.537254333496,248.5322265625,154.6436309814453,166.51535034179688
1228.65478515625,281.11849212646484,137.17181396484375,156.95652770996094
1217.8326721191406,324.0861511230469,138.7564697265625,112.02444458007812
1215.2563781738281,319.8104782104492,147.397216796875,116.36338806152344
1207.449607849121,314.02992248535156,166.78175354003906,116.84930419921875
1207.9558334350586,293.02400970458984,167.0915069580078,134.21202087402344
1234.893726348877,258.4490280151367,111.1229476928711,160.0524139404297
1225.3784942626953,253.18144989013672,111.02792358398438,172.5869598388672
1225.4835510253906,253.54720306396484,113.4989013671875,172.7103729248047
1229.0236434936523,257.9633026123047,137.82032775878906,179.94195556640625
1233.2489471435547,274.6993713378906,174.03506469726562,167.18283081054688
1234.5772247314453,299.2033996582031,204.00521850585938,157.71463012695312
1232.9737854003906,295.5794677734375,204.9373779296875,149.59262084960938
1225.3824844360352,281.86209869384766,201.9991912841797,156.68690490722656
1217.710807800293,270.2089614868164,170.2324981689453,196.50514221191406
1218.0181350708008,296.24192810058594,146.2878875732422,178.71478271484375
1213.5230560302734,339.9688720703125,143.19577026367188,142.57009887695312
1214.8793487548828,389.4778633117676,155.82113647460938,114.77098846435547
1210.8721084594727,410.11254501342773,172.41392517089844,119.7137222290039
1208.0521697998047,451.1813774108887,175.35250854492188,110.41864776611328
1197.9482421875,497.22449493408203,180.00830078125,133.85731506347656
1163.8943328857422,521.9946670532227,194.94406127929688,131.3247833251953
1145.1586990356445,536.9445724487305,180.04478454589844,133.56431579589844
1120.086929321289,515.2930068969727,182.86508178710938,138.77064514160156
1072.9256057739258,453.95680236816406,175.12962341308594,141.82171630859375
1006.6320037841797,380.3063430786133,158.04702758789062,152.2845916748047
988.2320938110352,351.2196464538574,129.7917938232422,110.76212310791016
974.4997978210449,307.91436767578125,124.31351470947266,109.0640869140625
975.5660018920898,275.207820892334,139.49574279785156,121.72989654541016
991.5842361450195,265.65985107421875,132.1096649169922,128.92803955078125
1031.5772552490234,206.74951171875,151.04147338867188,167.36251831054688
1084.601936340332,173.77930450439453,163.1797332763672,171.6726837158203
1136.2906951904297,175.4265594482422,166.84658813476562,157.5771484375
1171.8942337036133,171.12387084960938,152.53587341308594,159.34609985351562
1214.433708190918,155.01454162597656,136.52565002441406,179.24639892578125
1226.0143737792969,166.1855010986328,140.68157958984375,182.62054443359375
1232.4110260009766,203.53707122802734,152.19436645507812,178.09849548339844
1229.1207885742188,252.92317962646484,155.74969482421875,149.54014587402344
1207.9552612304688,314.41418838500977,145.74298095703125,103.20137786865234
1175.4916152954102,330.8716812133789,145.6909637451172,104.12776184082031
1146.6665573120117,327.8971252441406,128.83689880371094,143.74844360351562
1077.4945755004883,319.0767593383789,172.19728088378906,159.32130432128906
1014.1727447509766,313.27423095703125,204.18536376953125,138.75051879882812
999.061882019043,271.6420211791992,160.31517028808594,138.5015106201172
965.0736694335938,228.6299057006836,136.10357666015625,132.0960235595703
984.5570068359375,218.5289306640625,109.1448974609375,136.95648193359375
981.8019638061523,144.39297485351565,120.98121643066406,185.66577148437497
1007.4311065673828,82.34416198730469,124.74252319335938,208.70748901367188
1050.6020812988281,32.3155517578125,135.43145751953125,199.76556396484375
1081.0447998046875,45.00518035888672,144.939697265625,189.5426788330078
1119.2208633422852,36.66493225097656,148.4972381591797,188.32009887695312
1135.444953918457,54.010467529296875,155.6388397216797,191.6585693359375
1143.747314453125,92.57344818115234,155.2132568359375,182.0785675048828
1140.7734909057617,136.78135681152344,144.1995391845703,178.30892944335938
1126.144760131836,196.8824234008789,138.11624145507812,171.5326385498047
1114.5502548217773,244.92181396484375,138.94813537597656,170.15228271484375
1075.4961776733398,306.8196716308594,175.12159729003906,145.890869140625
1049.821388244629,304.8795928955078,185.3868865966797,148.02029418945312
988.6182556152344,262.71099853515625,169.403564453125,191.1668701171875
961.369026184082,228.54794311523438,148.8519744873047,144.73828125
922.3027572631836,166.94428253173828,152.93922424316406,155.3291473388672
933.9528732299805,96.3978500366211,148.0203399658203,190.03782653808594
975.1348342895508,60.93621826171875,146.31358337402344,189.04348754882812
1016.2884826660156,82.52538299560547,144.65081787109375,154.50315856933594
1035.1473083496094,76.12605285644531,141.1746826171875,147.281005859375
1052.0027236938477,52.39441680908203,138.35081481933594,157.56141662597656
1064.5541877746582,11.306495666503906,126.73372650146484,193.39356994628906
1052.1054306030273,36.82855987548828,148.19776916503906,185.60646057128906
1046.8914337158203,51.135986328125,145.68057250976562,188.91336059570312
1047.2630767822266,62.814353942871094,132.25418090820312,191.9089813232422
1031.4078826904297,156.29757690429688,131.68338012695312,157.00790405273438
1019.703010559082,227.83262252807617,146.74412536621094,115.54444122314453
1017.239128112793,243.64895629882812,158.01429748535156,111.65853881835938
1021.1400299072266,252.6578369140625,176.24032592773438,111.84603881835938
1021.1109008789062,247.02094268798828,188.0762939453125,114.05891418457031
1023.7721862792969,203.13988494873047,177.3216552734375,150.2712860107422
1054.0296096801758,143.10436248779297,135.4553680419922,187.0240936279297
1083.7421760559082,100.046142578125,118.5587387084961,181.28427124023438
1087.435417175293,75.23096466064453,131.7058868408203,189.15773010253906
1089.4879837036133,63.87743377685547,162.26878356933594,199.88499450683594
1112.8178405761719,73.8492431640625,130.36944580078125,197.34957885742188
1125.3796157836914,78.8727035522461,115.93565368652344,196.5308074951172
1127.379981994629,76.26036834716797,120.80656433105469,218.3414764404297
1122.8648109436035,114.92459869384766,119.86846160888672,230.7141876220703
1092.6559219360352,215.86295318603516,155.52342224121094,185.84828186035156
1064.8481216430664,273.28687286376953,183.31053161621094,153.06324768066406
1011.1270370483398,308.8311309814453,191.8456573486328,123.74151611328125
941.2614898681641,284.05369567871094,178.07443237304688,154.343017578125
939.7026519775391,283.30838775634766,181.10317993164062,127.92170715332031
937.3810958862305,267.9944267272949,188.6231231689453,118.78351593017578
946.3716506958008,206.55943298339844,176.4045867919922,164.40155029296875
1011.7099266052246,115.2628173828125,115.56366729736328,192.69650268554688
1056.5287857055664,85.12530517578125,134.1788787841797,197.80380249023438
1081.7300872802734,66.8733139038086,145.11514282226562,204.89414978027344
1119.163345336914,57.69633483886719,182.00210571289062,208.220458984375
1131.9323043823242,88.55178833007812,197.68141174316406,210.63980102539062
1141.9879837036133,83.77078247070307,196.3514862060547,225.87423706054688
1155.4003372192383,140.88893127441406,187.89585876464844,202.02276611328125
1173.6303405761719,132.72730255126953,165.44537353515625,221.16273498535156
1183.0481567382812,128.73252868652344,162.68994140625,225.57684326171875
1187.6826095581055,129.18775177001953,171.05665588378906,233.72999572753906
1192.015869140625,130.2187042236328,168.093017578125,235.76678466796875
1197.0143356323242,135.72978973388666,174.87294006347656,236.64146423339844
1203.2413177490234,143.94345855712885,187.15847778320312,229.6067657470703
1210.009376525879,153.22247314453125,202.96165466308594,220.42147827148438
1219.8981628417969,158.82189178466797,201.43487548828125,203.51829528808594
1239.6546630859375,141.6749267578125,189.40399169921875,199.72708129882812
1265.5993576049805,114.41735076904297,173.38331604003906,205.15599060058594
1321.9923248291016,71.49856567382812,154.83071899414062,208.54727172851562
1360.6957397460938,31.217018127441406,155.174560546875,200.53065490722656
1367.061180114746,12.611846923828125,199.79090881347656,175.61624145507812
1362.1117630004883,34.52940368652344,213.3806610107422,140.98431396484375
1337.762924194336,44.19896697998047,207.35147094726562,136.6411590576172
1273.9079818725586,66.80000305175781,174.23756408691406,184.371337890625
1241.8670349121094,133.08961486816406,145.320556640625,196.0543212890625
1226.9799346923828,219.59673309326172,159.61074829101562,162.5076141357422
1233.336784362793,234.74612426757812,157.9486846923828,171.74703979492188
1249.4436798095703,221.6980972290039,147.11868286132812,186.94886779785156
1257.2388534545898,202.87547302246094,145.8993682861328,180.3568115234375
1284.6430740356445,180.19863891601562,165.28538513183594,194.68045043945312
1334.858055114746,160.63947296142578,186.5950469970703,191.03077697753906
1327.9309463500977,173.28487396240234,211.97862243652344,132.23228454589844
1325.5340728759766,158.35052490234375,210.51846313476562,145.41983032226562
1316.8551559448242,109.43934631347656,183.3235626220703,203.8162841796875
1283.483543395996,133.42108154296875,156.84669494628906,208.24435424804688
1262.8963470458984,161.49679565429688,143.84304809570312,206.24374389648438
1241.384864807129,213.73267364501953,142.49021911621094,183.4828643798828
1238.7990188598633,244.89495849609375,139.19920349121094,196.49197387695312
1228.4200439453125,275.9874572753906,149.08624267578125,180.21554565429688
1218.2298736572266,289.2407913208008,155.35873413085938,170.15357971191406
1207.8601913452148,302.66981506347656,165.24928283691406,152.63623046875
1203.476661682129,298.64295959472656,164.8831024169922,145.69219970703125
1198.1764450073242,283.1737594604492,162.89930725097656,154.54380798339844
1193.0524520874023,240.29988861083984,161.70826721191406,175.7289276123047
1197.6489715576172,209.1123504638672,156.49526977539062,152.91949462890625
1207.4030303955078,179.21592712402344,154.12448120117188,165.0960693359375
1217.8371505737305,158.1736602783203,150.5955352783203,150.0740966796875
1210.9371185302734,140.35872650146484,159.80935668945312,142.7140350341797
1200.1096496582031,115.9522476196289,162.95782470703125,141.5208282470703
1181.1705703735352,87.24150085449219,162.9084930419922,150.1968994140625
1162.3338165283203,39.972938537597656,150.05685424804688,172.99623107910156
1157.8007354736328,5.590049743652344,136.25680541992188,185.39317321777344
1160.9813232421875,1.13104248046875,129.56634521484375,157.22763061523438
1166.5404815673828,1.8165092468261719,142.41311645507812,111.79175567626953
1160.1701965332031,1.2697296142578125,152.49746704101562,81.646728515625
1180.1516418457031,1.4436016082763672,100.35516357421875,44.523075103759766
1179.6351013183594,1.899515151977539,103.0518798828125,40.41413497924805
1145.705207824707,1.7971572875976562,133.9374542236328,60.48466491699219
1108.5706481933594,1.7252082824707031,154.97640991210938,109.62731170654297
1089.02001953125,4.843101501464844,151.2874755859375,159.36973571777344
1076.1671752929688,35.40925598144531,148.05145263671875,203.90869140625
1082.0074157714844,81.3486099243164,146.86041259765625,197.48963928222656
1091.8998336791992,97.88198852539062,150.45594787597656,197.04299926757812
1097.2773742675781,103.60848999023438,149.93023681640625,205.67904663085938
1096.289566040039,95.05438232421875,157.87411499023438,185.62405395507812
1097.4580993652344,41.40470886230469,155.94891357421875,185.365478515625
1104.827522277832,3.1577529907226562,146.45603942871094,148.8229522705078
1107.1312408447266,1.9438972473144531,144.75271606445312,98.45024871826172
1057.652702331543,1.6189575195312216,162.20997619628906,91.67379760742188
1010.020751953125,3.3397140502929403,183.44692993164062,131.8243865966797
979.0815963745117,3.9782943725585653,168.9225311279297,154.80052185058594
976.2860565185547,40.62533569335935,147.70062255859375,178.99844360351562
952.6143417358398,85.09417724609372,174.0032196044922,153.99783325195312
941.4794082641602,112.11473083496091,180.4391632080078,131.51251220703125
938.9219741821289,101.32478332519528,182.4409942626953,135.26336669921875
939.5102005004883,78.63298797607419,175.7005157470703,145.00743103027344
941.0376586914062,11.908271789550753,152.84304809570312,172.9173126220703
950.9918975830078,3.0853576660155966,130.3602294921875,138.56423950195312
941.4005012512207,3.1159896850585653,120.66051483154297,100.88020324707031
949.1252975463867,2.936107635498047,128.35731506347656,93.34622955322266
957.9127388000488,4.401649475097656,127.92681121826172,78.62763977050781
977.0512390136719,4.0255279541015625,109.6256103515625,111.59564208984375
980.7281951904297,18.283271789550753,142.42904663085938,184.36524963378906
1003.4201507568359,113.16779327392575,143.92294311523438,143.28633117675784
1028.372459411621,157.09427642822266,135.6670684814453,129.32984924316406
1038.6445770263672,165.89861297607422,132.01022338867188,135.71104431152344
1051.8208236694336,156.93441009521484,133.16114807128906,157.3157196044922
1057.3301239013672,139.77232360839844,135.73458862304688,174.97808837890625
1068.7101745605469,83.4637680053711,132.27142333984375,187.4886932373047
1074.3865051269531,62.282470703125,129.455078125,183.02450561523438
1072.056510925293,42.62267303466797,126.34370422363281,175.7710418701172
1053.7939224243164,75.48570251464844,131.9930877685547,137.69927978515625
1047.5424194335938,74.61854553222656,131.67340087890625,139.73931884765625
1049.7665100097656,58.84221649169922,122.1383056640625,156.63987731933594
1053.6398391723633,51.43781280517578,116.13578796386719,172.55311584472656
1031.6640281677246,109.9488525390625,118.91620635986328,171.39553833007812
1012.7099304199219,197.12346649169922,126.9547119140625,173.7289276123047
1051.944808959961,393.4797668457031,140.57321166992188,180.45132446289062
1010.4396438598633,304.02075958251953,133.52281188964844,164.32188415527344
1004.1799392700195,311.21556854248047,140.9974822998047,176.0591583251953
995.3626708984375,303.4626235961914,136.880859375,172.50413513183594
990.3685989379883,288.1042175292969,138.1217498779297,156.522216796875
980.6370544433594,238.2062759399414,130.7333984375,152.45252990722656
968.0985717773438,172.5404281616211,122.7008056640625,173.17396545410156
951.4509124755859,104.27330780029297,123.30001831054688,177.5345001220703
946.4292755126953,79.8700180053711,119.90255737304688,172.29493713378906
948.3192024230957,105.33775329589844,119.73983001708984,147.79531860351562
950.4604682922363,117.2332534790039,121.48104095458984,147.3415985107422
951.4451866149902,139.7396697998047,110.30249786376953,185.00863647460938
952.8868293762207,200.6260757446289,101.98336029052734,161.71177673339844
954.6000709533691,221.787841796875,97.12401580810547,145.771240234375
951.4736595153809,235.62982940673828,98.9081802368164,139.2085723876953
939.1023101806641,220.16483306884766,109.63278198242188,153.85621643066406
932.7339973449707,193.4432601928711,115.69295501708984,171.65480041503906
916.8200416564941,176.1583480834961,123.29851531982422,166.0572052001953
915.9278144836426,217.8213348388672,119.8036117553711,136.09280395507812
922.4080047607422,230.86566925048828,106.9228515625,136.9569549560547
919.7029991149902,233.49507904052734,105.65796661376953,135.60533142089844
922.7785873413086,220.33465576171875,100.82377624511719,147.04757690429688
925.1258163452148,222.12740325927734,99.80921936035156,144.7075653076172
924.2816696166992,219.9215087890625,98.53746032714844,140.74859619140625
922.9409561157227,225.34964752197266,98.29417419433594,134.74183654785156
917.4269790649414,235.8978614807129,97.32106018066406,124.14635467529297
910.2897682189941,244.24287796020508,99.13607025146484,117.06035614013672
905.9657974243164,250.14733505249023,97.34742736816406,115.45572662353516
901.5994338989258,256.9174041748047,101.15077209472656,110.3128662109375
899.5389671325684,259.20233154296875,99.95084381103516,111.3023681640625
903.136791229248,256.5678405761719,93.76944732666016,112.57763671875
906.7168197631836,252.35728454589844,93.37510681152344,117.37380981445312
897.150749206543,235.78340911865234,91.61204528808594,129.33753967285156
882.5444526672363,205.50022888183594,92.02742767333984,152.60174560546875
864.2916221618652,199.60194396972656,106.31336212158203,153.109619140625
834.9488410949707,184.31169891357422,108.02819061279297,165.74293518066406
820.8986015319824,170.35588836669922,114.45777130126953,154.2452850341797
808.0872497558594,144.06194305419922,112.46408081054688,135.48805236816406
821.4018135070801,134.6194725036621,118.45525360107422,117.44754791259766
855.5153121948242,132.4859161376953,128.2474822998047,138.91744995117188
899.2018661499023,157.6565170288086,108.04051208496094,162.9390411376953
881.7627410888672,235.94119262695312,135.94488525390625,147.46038818359375
887.1657791137695,286.0366554260254,117.10505676269531,110.64568328857422
798.5263328552246,331.4023895263672,98.69092559814453,203.09396362304688
997.7126045227051,337.3165588378906,80.6914291381836,131.84176635742188
1034.8085975646973,349.5625457763672,69.13506317138672,148.637451171875
1089.3284530639648,246.4170379638672,77.65705871582031,114.83680725097656
1031.8669357299805,263.4851951599121,75.60868835449219,120.64745330810547
980.1565971374512,278.3882827758789,117.69104766845703,102.97109985351562
961.1823539733887,280.23827362060547,108.57599639892578,93.93344116210938
948.1060562133789,286.3190040588379,105.60914611816406,102.2123794555664
953.3407745361328,295.814884185791,111.0478515625,125.91776275634766
975.2880668640137,324.3551483154297,84.28052520751953,146.6222686767578
994.3928298950195,391.9004821777344,72.20228576660156,107.52525329589844
1017.6658153533936,436.8635444641113,57.284183502197266,81.95829010009766
1043.52392578125,442.6638603210449,42.83709716796875,79.39342498779297
1077.915150642395,364.6351661682129,30.414846420288086,113.04877471923828
1097.607650756836,327.06228256225586,90.23660278320312,109.73468780517578
973.2545738220215,438.2108383178711,77.79593658447266,105.42829895019531
1007.3163299560547,395.14517974853516,68.67962646484375,134.03675842285156
1012.1483535766602,369.4468994140625,60.05867004394531,141.23141479492188
1007.5928421020508,330.39012908935547,70.85285949707031,141.7465057373047
961.8750419616699,284.7967758178711,121.34052276611328,133.0565643310547
925.4925842285156,268.6791076660156,114.5794677734375,118.35861206054688
882.618034362793,281.2565498352051,104.03239440917969,91.48433685302734
831.8326301574707,278.6121063232422,111.41500091552734,99.4833984375
804.5168151855469,281.73584747314453,112.11273193359375,101.33198547363281
797.2892990112305,307.7021598815918,130.7644805908203,117.55786895751953
808.122802734375,343.91454315185547,154.7774658203125,105.97843933105469
858.6254653930664,369.17790603637695,146.18089294433594,105.79271697998047
916.5940017700195,367.9394226074219,130.1611785888672,113.67007446289062
939.3498802185059,363.81399154663086,111.15412139892578,93.78736114501953
963.6172904968262,342.9843521118164,88.3423843383789,110.63438415527344
965.9941940307617,329.23704528808594,103.70103454589844,121.62637329101562
974.7982063293457,320.3293991088867,105.56734466552734,128.96372985839844
969.9432716369629,334.92432022094727,100.9637680053711,110.49474334716797
952.381591796875,347.35657501220703,104.93768310546875,94.02488708496094
922.404052734375,360.9893798828125,116.00018310546875,121.37124633789062
895.3407745361328,392.2149238586426,141.22311401367188,101.33666229248047
903.3872299194336,363.6916275024414,139.19773864746094,119.87629699707031
904.2995834350586,355.12371826171875,166.7715301513672,129.40402221679688
921.4590606689453,322.3645553588867,175.201171875,145.01890563964844
943.0431251525879,288.9660110473633,117.31966400146484,171.12281799316406
951.3601684570312,248.33502197265625,125.88021850585938,157.11233520507812
933.1906280517578,218.74606323242188,112.116943359375,139.93710327148438
934.8452682495117,193.8182830810547,117.57444763183594,120.08050537109375
938.472339630127,178.55750274658203,113.88814544677734,124.17533874511719
1014.3594360351562,189.40377807617188,323.41009521484375,306.27996826171875
994.2972640991211,207.9969482421875,200.96888732910156,557.622802734375
989.4688873291016,221.28256225585938,204.90322875976562,521.7283325195312
1004.6429901123047,231.50027465820312,200.09518432617188,532.5361938476562
1026.491844177246,234.03050231933594,167.66127014160156,510.9474182128906
1032.1299743652344,229.27603149414062,160.0006103515625,531.6190795898438
1017.6208190917969,231.4583740234375,172.024169921875,503.131591796875
1009.1069030761719,234.6669921875,179.9954833984375,522.2469482421875
972.0931243896484,236.79953002929688,201.26644897460938,516.0264282226562
970.2352066040039,230.52972412109375,212.61558532714844,526.573974609375
971.7875213623047,240.30282592773438,210.17001342773438,504.22381591796875
955.5011520385742,247.703369140625,223.8336944580078,499.692626953125
908.2949981689453,237.80018615722656,274.2562561035156,507.3803405761719
887.7857971191406,230.94317626953125,294.5933837890625,516.646484375
858.1153411865234,232.1324462890625,320.9322204589844,512.94970703125
947.6559295654297,246.4790496826172,244.89523315429688,507.5775451660156
970.1723480224609,230.1803436279297,216.00778198242188,505.7501525878906
1010.9441986083984,231.72610473632812,179.84848022460938,513.0707397460938
976.3726806640625,244.89279174804688,198.19879150390625,502.61956787109375
954.3122482299805,242.96820068359375,170.9623565673828,466.3084716796875
927.2915496826172,240.79319763183594,120.71981811523438,238.17276000976562
900.8881568908691,223.57964324951172,117.85015106201172,150.7748565673828
862.680835723877,198.44470977783203,117.14900970458984,162.81983947753906
875.2995834350586,227.5414810180664,111.18684387207031,120.56013488769531
881.0467185974121,257.33129501342773,123.07044219970703,92.97382354736328
906.6357955932617,281.8391799926758,128.8698272705078,84.17378234863281
938.186466217041,293.1946678161621,123.0354232788086,99.75492095947266
951.1638793945312,309.06884765625,95.23074340820312,131.38058471679688
937.5329666137695,337.54694747924805,118.14009094238281,119.18573760986328
935.105297088623,340.69570541381836,122.31439971923828,115.31555938720703
943.6821212768555,328.4139633178711,93.15052795410156,131.3637237548828
946.6294822692871,333.330379486084,93.66712188720703,124.96060943603516
936.4137382507324,336.4631996154785,102.5014419555664,118.01058197021484
934.1902084350586,344.2305145263672,104.76078796386719,111.41998291015625
942.5813140869141,354.0982666015625,96.3389892578125,116.95770263671875
995.877082824707,409.3686180114746,99.12129211425781,66.99662017822266
909.3435935974121,374.91217041015625,111.67436981201172,104.95028686523438
902.8739585876465,369.8402900695801,112.4668197631836,111.21434783935547
896.0905685424805,318.89776611328125,111.695556640625,108.09375
884.6589508056641,249.13077545166016,148.0166473388672,129.3856658935547
894.44921875,216.1074676513672,155.7598419189453,102.89883422851562
941.2916412353516,190.77642059326172,127.77244567871094,125.51664733886719
929.7485694885254,184.26255416870117,125.35428619384766,123.19910430908203
935.2403144836426,181.87596511840817,125.8233413696289,119.76515960693362
941.5158042907715,179.7381629943848,124.17009735107422,122.80693817138669
958.9988059997559,181.00749969482422,127.22734832763672,107.47074890136719
965.5169410705566,160.6943283081055,123.31888580322266,117.88117980957028
968.5051307678223,157.29791641235354,124.24271392822266,120.37435150146482
989.0735397338867,161.95195007324222,132.2608642578125,114.1587219238281
1010.7854537963867,157.4452056884766,161.64715576171875,142.5525207519531
1040.8202438354492,162.79766082763672,145.0458984375,169.26649475097656
1060.8035888671875,186.26470947265625,148.51658630371094,251.84405517578125
1080.057601928711,223.97394561767578,136.80555725097656,219.84886169433594
1082.389175415039,244.44710540771484,151.0133819580078,209.1477813720703
1094.2183303833008,306.3713684082031,145.08468627929688,153.3260498046875
1098.541976928711,320.52154541015625,141.3437042236328,137.70068359375
1126.075122833252,307.08067321777344,118.92548370361328,116.74130249023438
1129.6197776794434,300.97916412353516,104.58712005615234,107.68840026855469
1117.2946701049805,276.4759521484375,114.65621948242188,109.7950439453125
1097.4309844970703,233.3802032470703,122.85240173339844,126.21795654296875
1075.0144729614258,196.1930122375488,128.98587036132812,115.4582443237305
1057.5056838989258,186.44766235351565,135.35333251953125,108.91265869140622
1036.1088333129883,181.2672386169434,139.52520751953125,112.34720611572263
1022.7851867675781,179.0319900512695,147.34690856933594,119.55921936035159
991.8510360717773,179.24664306640625,177.79373168945312,129.44845581054688
980.7553253173828,181.48535919189453,185.3849334716797,128.7370147705078
958.2722549438477,173.4951171875,191.88397216796875,139.28225708007812
943.3873062133789,168.8581314086914,191.270751953125,152.3888702392578
850.9341278076172,143.96475982666016,199.54408264160156,208.08644104003906
845.4567947387695,142.42581176757812,147.56741333007812,234.81979370117188
818.0116577148438,143.3312225341797,156.3484344482422,267.98272705078125
765.0155487060547,173.14060974121094,177.43421936035156,299.171142578125
711.0276107788086,228.1536636352539,155.82305908203125,202.1669464111328
695.4596939086914,235.67220306396484,181.49404907226562,179.5363006591797
692.8989486694336,239.95885467529297,142.44866943359375,167.5373992919922
693.5412826538086,237.1639175415039,151.8360595703125,157.4707794189453
698.0462493896484,230.48920440673828,164.9228057861328,192.36341857910156
708.4486923217773,232.1527862548828,169.74786376953125,211.60540771484375
718.7215576171875,254.64806365966797,200.07603454589844,221.6855926513672
737.7118606567383,298.57438659667974,217.06613159179688,238.2841186523437
758.0824508666992,310.4575653076172,189.40362548828125,228.7034912109375
762.5713348388672,304.71585083007807,181.28639221191406,214.47976684570318
760.8146286010742,264.97557830810547,184.22991943359375,214.86155700683594
771.1101379394531,205.38247680664062,163.99815368652344,259.5425109863281
756.7178802490234,155.3154296875,168.97096252441406,376.7523498535156
757.3036651611328,107.15309143066406,157.18190002441406,390.729248046875
766.3411102294922,113.11685180664062,125.76588439941406,201.41098022460938
766.55322265625,95.20879364013672,132.9084930419922,128.17539978027344
775.8545455932617,81.12372589111328,135.69427490234375,132.88661193847656
805.1518211364746,104.48759460449219,112.11382293701172,128.60589599609375
817.2557334899902,111.74283599853516,115.9970932006836,141.14854431152344
812.7845764160156,120.72074127197266,134.5357208251953,144.58799743652344
816.8963851928711,123.83473205566406,130.20053100585938,153.37985229492188
817.5605545043945,124.44634246826172,123.8101806640625,139.5399932861328
811.4425811767578,131.18502807617188,129.72422790527344,117.73785400390625
821.0290756225586,136.98712158203125,130.88632202148438,108.8487548828125
838.2160301208496,141.57431793212888,126.3050765991211,138.39372253417972
860.317024230957,135.58396911621094,118.15118408203125,156.97366333007812
876.5275230407715,138.2651824951172,119.6827621459961,163.88394165039062
876.7593727111816,145.5274658203125,123.22199249267578,167.1824951171875
874.4036674499512,161.28878021240234,124.41478729248047,147.08729553222656
869.8077201843262,174.95362854003906,124.84758758544922,137.70816040039062
891.2550048828125,181.24584197998047,109.75593566894531,145.66334533691406
890.2100944519043,183.7630615234375,113.10845184326172,145.66818237304688
886.5974731445312,185.73748779296875,109.69477844238281,152.13748168945312
879.378490447998,197.84857940673828,119.25817108154297,149.83131408691406
874.0923461914062,215.98204803466797,141.3755645751953,144.41831970214844
888.814079284668,239.7467803955078,144.26370239257812,123.39813232421875
933.35986328125,267.5869674682617,146.4864044189453,115.45414733886719
1001.8291397094727,311.674072265625,147.1151123046875,136.43856811523438
971.8970413208008,333.5817337036133,194.83660888671875,170.63551330566406
1013.1604080200195,369.81285858154297,232.9427490234375,157.46495056152344
1058.760513305664,362.6516342163086,220.03257751464844,172.29209899902344
809.3667831420898,358.30052185058594,184.54510498046875,136.22662353515625
1027.0854797363281,463.3408737182617,127.69328308105469,105.06492614746094
1061.5953521728516,448.05609130859375,127.98847961425781,109.37222290039062
1090.7693252563477,445.0586471557617,119.54867553710938,106.56080627441406
1124.823013305664,448.3179817199707,116.30757141113281,102.67278289794922
1134.6206741333008,429.2543182373047,149.8004150390625,122.27755737304688
1204.2266464233398,254.18132781982422,152.35433959960938,141.1642608642578
1185.6943893432617,242.41771697998047,142.56863403320312,145.5329132080078
1156.1972122192383,222.0592498779297,139.8721923828125,154.75460815429688
1082.5906219482422,202.06785583496094,153.5967254638672,164.91452026367188
1034.1350021362305,202.53348541259766,151.97683715820312,167.8966522216797
985.578498840332,203.20067596435547,139.5693359375,171.3390655517578
967.5035400390625,204.39537048339844,136.3609161376953,165.36074829101562
918.1205215454102,204.00745391845703,134.83135986328125,154.42002868652344
893.4459915161133,203.51785278320312,135.247314453125,137.5140380859375
870.625358581543,210.12762451171875,137.41912841796875,122.12359619140625
860.8604583740234,214.55284118652344,138.2478485107422,136.34646606445312
861.2138137817383,215.35028839111328,151.56927490234375,129.44102478027344
910.513671875,213.86907196044922,158.20826721191406,121.24592590332031
950.2727813720703,221.78302764892578,147.70982360839844,140.73033142089844
959.7704849243164,234.89036560058594,198.68011474609375,156.13497924804688
999.453727722168,234.32971572875977,212.55142211914062,118.75749969482422
1033.4312210083008,217.1552391052246,201.3026123046875,125.05591583251953
1066.4784851074219,194.12399291992188,189.45362854003906,131.1297607421875
1098.7505340576172,168.61083221435547,176.6533660888672,146.17066955566406
1109.0729904174805,149.50103759765625,169.71560668945312,151.75128173828125
1113.8399353027344,135.05474853515625,162.7013702392578,153.278564453125
1112.2434616088867,95.18026733398438,155.63577270507812,163.79376220703125
1105.7126388549805,37.056640625,154.27883911132812,194.023681640625
1090.8761367797852,2.7737197875976562,155.22698974609375,176.13499450683594
1071.9202117919922,1.3740577697753906,152.72691345214844,120.97972869873047
1039.10302734375,2.0790328979492188,154.23374938964844,86.90211486816406
982.9767074584961,3.3880958557128906,163.31326293945312,105.93563079833984
950.3455657958984,4.135631561279297,150.2111053466797,123.66730499267578
919.5737609863281,3.3454971313476562,150.03892517089844,144.92176818847656
893.4171829223633,2.9069976806640625,145.07431030273438,175.787109375
862.6511001586914,10.733024597167969,138.71987915039062,183.21604919433594
836.0709838867188,28.350250244140625,139.24253845214844,202.95413208007812
831.8174667358398,73.64385986328125,124.53082275390625,201.70510864257812
814.4323883056641,124.88996124267578,123.44081115722656,166.75953674316406
824.0802993774414,145.95169830322266,98.84304809570312,148.2046661376953
782.6535110473633,158.8765411376953,127.83001708984375,132.547607421875
770.015510559082,161.53914642333984,140.399169921875,132.9557342529297
791.8811416625977,162.67489624023438,130.36370849609375,135.32186889648438
820.6408233642578,157.35096740722656,145.68711853027344,137.285888671875
848.2213897705078,145.76500701904297,152.4492645263672,145.4758758544922
906.9493560791016,147.9284439086914,154.96397399902344,151.76197814941406
932.5889129638672,139.2228546142578,210.4648895263672,182.77978515625
961.3563919067383,121.96533203125,201.74041748046875,178.83859252929688
998.4815979003906,74.9249267578125,184.38380432128906,209.76974487304688
1015.9548950195312,42.88330078125,172.70716857910156,231.26553344726562
1043.1579818725586,2.0409317016601562,150.56362915039062,210.3239288330078
1030.1940307617188,2.874847412109375,141.0983428955078,168.72860717773438
1010.2087631225586,3.8550949096679688,149.02536010742188,165.8883514404297
957.0149993896484,4.5197906494140625,145.7919158935547,186.93450927734375
920.5795822143555,30.621932983398438,128.38534545898438,186.1888427734375
885.7193908691406,92.0357437133789,138.0050811767578,128.1593780517578
