860.0,429.0,213.0,522.0
834.5075988769531,408.36785888671875,257.64947509765625,563.972412109375
834.458740234375,369.21539306640625,262.7987060546875,578.9769287109375
831.5967254638672,364.1458435058594,252.36343383789062,564.3522338867188
804.4271011352539,388.6278991699219,237.3079071044922,545.4143676757812
789.3537139892578,357.9078063964844,206.22470092773438,551.8963012695312
722.3023376464844,346.988525390625,300.77496337890625,532.259765625
667.6623077392578,330.54571533203125,357.4985046386719,528.2093505859375
710.3529357910156,326.6031494140625,346.98748779296875,552.19580078125
784.8713836669922,330.4349365234375,321.4686584472656,585.8974609375
915.6460494995117,347.6446838378906,253.88233947753906,561.9143676757812
981.3885726928711,341.09527587890625,224.9674835205078,587.6417236328125
1010.0438842773438,353.34918212890625,322.94677734375,618.0467529296875
1005.7840576171875,387.0548095703125,364.743896484375,628.013916015625
1034.4050750732422,451.38555908203125,341.3667297363281,601.5836181640625
1025.3895568847656,529.8800659179689,307.57403564453125,540.3698730468749
1002.780891418457,543.3165893554688,217.66917419433594,532.425537109375
922.0350799560547,540.6137390136719,258.7578430175781,528.6918334960938
768.7437744140625,511.2188720703125,331.70556640625,553.7703857421875
656.7787933349609,466.2678527832031,389.0704650878906,562.7698364257812
540.9529113769532,419.6080322265626,428.69012451171875,533.4708251953125
528.153793334961,392.5295867919923,400.9940490722656,508.3190002441406
527.5672149658204,387.7784423828126,384.5683288574219,510.5888671875
564.6203308105471,387.20523071289085,348.01348876953125,578.8610229492188
642.1470489501955,448.5601196289065,333.2449645996094,599.492431640625
738.8205642700198,476.2246093750002,218.77012634277344,579.544677734375
838.2065811157229,470.6276550292971,220.4551239013672,570.9122924804688
876.073425292969,459.1556396484377,331.112548828125,568.4703369140625
915.4359588623049,435.78982543945335,441.9306945800781,555.7471313476562
936.7374725341801,386.61669921875034,487.3523254394531,574.81396484375
976.5523376464848,363.46179199218784,499.93280029296875,548.1593017578125
1002.1639862060551,385.7599792480472,443.5124816894531,546.3314819335938
981.7965698242192,413.851013183594,421.77587890625,555.7125244140625
952.2690277099614,397.67825317382847,399.3136291503906,622.7192993164062
889.3546905517583,435.0226745605472,343.2399597167969,609.3119506835939
849.9180603027348,455.1760559082036,244.28656005859375,568.9461059570312
750.0787811279301,433.4691772460942,256.0281066894531,573.298828125
612.5281524658208,450.09985351562545,301.2664489746094,525.5782470703125
581.0782318115239,437.8866577148442,330.7024230957031,522.7376708984375
897.8108596801762,316.85897827148483,201.40147399902344,716.0696411132812
869.9105834960942,343.1080627441411,240.9713134765625,720.7374877929688
903.6763000488285,342.5393676757816,235.53070068359386,737.4606323242184
889.7171401977542,350.92398071289074,253.8810272216798,728.2070312499999
874.2399749755864,346.0409851074219,272.6679992675781,724.1346435546875
911.1845550537115,337.5766601562501,201.975372314453,726.1934204101561
1005.3594894409184,416.76776123046875,186.53797912597656,598.7766723632812
1049.568511962891,398.426025390625,264.49456787109375,602.7594604492188
1103.8413085937505,362.94744873046875,335.2830810546875,576.3627319335938
1107.0206909179692,341.5985107421875,323.990234375,555.2257690429688
1075.4191131591801,330.0374755859375,331.5763244628906,536.5380249023438
980.2543182373051,327.771453857422,406.6225891113281,528.0009765625
949.2444152832036,333.9726867675781,397.44305419921875,579.068603515625
899.1744079589848,327.28302001953114,294.24139404296875,695.3042602539062
896.7005920410162,332.4474792480469,215.87738037109364,677.486572265625
808.7512741088872,353.1849670410156,215.25880432128906,594.406494140625
773.2910461425786,367.22540283203125,190.28338623046875,596.3379516601562
703.892944335938,402.51123046875,211.6773681640625,552.8440551757812
646.2080001831059,422.7235107421875,239.56349182128906,525.8535766601562
620.1661148071294,439.8579559326172,253.8595428466797,499.3101501464844
631.5443725585942,437.2774963378906,256.0498046875,517.68896484375
714.500366210938,460.7093811035156,223.2059326171875,524.9722900390625
763.3235015869145,476.2599792480469,199.84933471679688,520.1455078125
848.1077346801762,427.054443359375,207.76268005371094,594.8698120117188
913.2784347534184,349.0641174316406,221.04530334472656,626.60302734375
930.6464385986333,341.74090576171875,273.3938903808594,609.8755493164062
958.232299804688,363.1462402343749,277.9803466796875,574.8439331054688
948.3556900024419,411.86163330078114,251.9243621826172,543.1351928710938
978.199844360352,443.8176269531249,267.5978698730469,471.91534423828125
1006.3602981567387,399.7540283203124,250.81053161621094,493.82855224609375
1027.0777664184575,363.8431243896483,242.41990661621094,485.8362731933594
1033.5860061645512,318.07733154296864,244.29942321777344,490.09368896484375
1035.1242218017583,281.2689208984374,260.4483337402344,472.03387451171875
1026.0173339843755,278.6851806640624,281.224609375,437.14361572265625
984.9735565185551,279.9016876220702,338.6225891113281,414.2540588378906
909.7896118164067,283.779602050781,333.9661865234375,406.27691650390625
849.51188659668,321.5053863525387,329.87808227539074,397.0746154785156
761.4085540771489,365.1828765869137,314.8426818847656,377.4142150878906
701.6882324218755,440.92102050781216,347.4310302734375,291.90753173828125
647.5777435302739,478.9057006835934,389.7292785644531,215.60504150390625
674.4491424560551,461.67655944824185,361.7425842285156,200.25668334960938
679.5164642333989,366.0446624755856,369.8408508300781,390.7055358886719
679.1166076660161,353.79963684081997,383.56341552734375,416.2628479003906
677.3697204589848,346.3156127929684,438.95611572265625,442.81512451171875
692.9553070068364,319.9512023925778,471.4265441894531,472.1883544921875
761.7322387695317,309.8093414306637,426.6156005859375,481.2357482910156
832.3629608154301,299.73793029785134,384.2283020019531,490.2344055175781
925.3934631347661,286.25692749023426,316.51715087890625,486.02880859375
1013.592422485352,282.40931701660145,249.05831909179688,492.3448791503906
1052.318382263184,269.53700256347645,215.4597930908203,499.1330871582031
1053.689117431641,266.91444396972645,222.40814208984375,478.8703918457031
1063.382476806641,276.701446533203,230.95635986328125,466.7254638671875
1050.117713928223,280.8576202392577,250.7478485107422,473.5702209472656
950.9261169433598,293.25668334960926,364.95343017578125,467.3831787109375
861.1755828857426,318.7627410888672,468.0155334472656,407.9871520996094
781.1148071289067,372.77403259277344,511.7841796875,324.4772644042969
738.2744140625005,432.62376403808594,522.798828125,215.54354858398438
731.148818969727,360.3465881347656,509.8789978027344,367.6334228515625
726.8279724121098,316.29998779296875,484.50531005859375,455.53997802734375
782.1478729248051,246.60980224609375,361.8642883300781,526.4887084960938
821.5277709960942,231.74819946289062,267.19970703125,544.2978515625
844.821914672852,232.20083618164062,208.16012573242188,529.35107421875
831.0988159179692,241.24411010742188,264.987060546875,538.9383544921875
838.6273803710942,257.8645324707031,295.4791259765625,545.762939453125
881.4123840332036,289.7420959472656,296.24273681640625,551.19580078125
954.0515594482426,300.61968994140636,252.72122192382812,538.4824829101562
1057.554679870606,284.2907714843751,175.46217346191406,557.3668823242188
1058.4340209960942,271.614227294922,233.8038330078125,536.6458740234375
1035.392929077149,235.1870117187501,308.5337219238281,544.7304077148438
999.2832946777348,209.1900329589845,401.92987060546875,503.5164794921875
912.7883300781255,212.1381835937501,492.69384765625,425.49847412109375
863.1455383300786,279.91148376464855,517.3403930664062,288.0004577636719
809.6928710937505,327.1599349975587,523.609130859375,245.66090393066406
763.8906555175786,295.88084411621105,517.4945678710938,355.6231384277344
751.9084930419926,281.05686950683605,476.8113098144531,452.1582946777344
741.9561920166019,324.3589630126953,403.2024841308595,486.7529602050781
717.153915405274,347.05413818359386,353.2311096191405,498.78619384765625
680.5320129394537,435.1503601074221,285.88140869140625,437.170166015625
651.9779205322271,475.5720825195315,260.8241882324219,396.31378173828125
619.4909667968756,507.7040710449221,226.6405029296875,338.750732421875
565.5225982666021,541.2597732543948,259.0096130371094,254.9933319091797
536.0638427734381,604.4478607177737,254.60064697265625,185.88192749023438
595.9287490844732,660.991165161133,189.08653259277344,155.41073608398438
610.2309188842779,694.1323852539065,179.9563751220703,138.32696533203125
740.4700889587408,546.5960235595705,73.06610870361328,271.3039245605469
757.7626762390142,538.3876037597659,84.9793472290039,297.52581787109375
679.2147750854498,361.52979278564476,115.69483947753906,267.9462585449219
709.4546661376959,385.1274337768557,148.18887329101562,472.6763916015625
705.9352111816412,387.00579071044945,275.0435791015625,553.1412353515625
750.6606903076178,379.1225509643557,317.13656616210926,576.6248779296875
872.4309844970708,345.25655364990257,268.7914123535156,622.6626586914062
977.8958435058598,341.62700653076195,224.0885009765625,640.9515380859375
1068.7675399780278,354.9756088256838,252.59327697753906,641.5394897460938
1120.9390411376958,381.50118255615257,301.3092346191406,588.2586059570312
1182.602401733399,378.4051437377932,353.5542907714844,560.029541015625
1204.7421569824223,366.7864913940433,366.4241943359375,543.321044921875
1225.6931304931645,348.53914642334007,363.5632629394531,525.7879028320312
1221.0310668945317,327.4475326538088,359.00921630859375,520.6997680664062
1176.6641540527348,334.74077606201195,351.599365234375,520.9599609375
1140.4578094482426,348.32769012451183,339.7309265136719,524.774658203125
1066.5762329101567,339.70226287841797,301.27972412109375,556.2559814453125
983.915176391602,344.44576263427734,273.3852844238281,582.6936645507812
890.4090423583989,360.51757049560547,271.8821716308594,582.74951171875
790.8420486450201,373.4155502319337,178.5756072998047,588.1802368164062
717.2685699462896,377.24385833740246,155.68460083007812,588.5493774414062
648.7486801147467,371.77140045166027,190.96461486816406,448.8943176269531
803.8444824218756,298.09819793701183,275.79742431640614,553.0396728515625
689.2882690429692,345.2576828002931,328.46990966796875,734.7423171997069
682.7834014892583,332.10473251342773,354.0658264160156,747.8952674865723
680.2353973388676,330.01647758483887,382.2245788574219,749.515380859375
633.086303710938,329.79537773132324,443.07403564453125,745.9212036132812
643.0951690673833,327.18783378601074,395.6759338378906,746.9856567382812
725.8809356689458,339.09557914733887,335.3397521972656,725.96142578125
650.2244796752935,406.698606491089,208.8703155517578,636.4034423828124
719.5153198242193,442.51742362976074,200.86883544921875,531.1239624023438
783.1833114624029,431.42223930358887,225.74964904785156,537.2481689453125
885.1840515136724,383.6130962371826,220.2514648437499,587.8546142578125
925.5409698486333,359.61410331726074,239.28433227539062,606.0404663085938
1019.9071273803715,337.3672161102295,193.76124572753906,577.2833862304688
1061.09888458252,329.1986675262451,191.3107147216797,515.8701171875
1098.7169265747075,322.25614738464355,224.9697723388672,510.1653137207031
1123.8791198730473,313.6840343475342,211.024658203125,457.8772888183594
1115.5121459960942,330.03365898132324,256.02447509765625,483.42694091796875
1075.8588562011723,336.83849906921387,260.9920654296875,530.8651123046875
1060.741607666016,325.27673149108887,198.972412109375,544.434326171875
1020.67407989502,326.6012554168701,213.8865203857422,555.3385009765625
970.2680587768559,326.19946098327637,204.4397735595703,543.9158935546875
923.8096389770512,357.8937358856201,206.1719207763672,514.165283203125
844.8039093017583,350.7149028778076,239.36697387695312,531.0633544921875
781.6373672485356,372.74694633483887,204.44676208496094,536.2257080078125
717.2602081298833,396.319242477417,227.38357543945312,534.9299926757812
707.8857040405278,407.12267875671387,181.37806701660156,592.5423583984375
712.8409194946294,403.52551078796387,195.12474060058594,648.954833984375
704.1335830688481,442.0595989227295,173.89561462402344,604.1026000976562
711.4620895385747,451.72619438171387,184.9320831298828,551.9801025390625
775.3650054931645,393.37777519226074,185.16104125976562,634.6620483398438
821.5341339111333,436.4475383758545,216.30679321289062,595.0247192382812
855.292114257813,380.6775493621826,356.57342529296875,638.6102294921875
932.6250000000005,414.57787895202637,427.40765380859375,554.57421875
960.1486053466801,403.0947856903076,466.4051208496094,570.0826416015625
1008.3666076660161,412.9785747528076,484.6661376953125,597.3033447265625
1041.873931884766,437.3840618133545,450.1973876953125,589.5785522460938
1052.507186889649,468.7848491668701,370.1652526855469,590.0943603515625
1055.723770141602,498.0605754852295,311.6341857910156,571.3744506835938
1035.6246871948247,507.0781536102296,208.9588165283203,571.7046508789061
990.5260391235356,536.2890911102295,214.92784118652344,529.2611694335938
918.4741058349614,545.3311595916748,240.14657592773438,479.3056945800781
838.1457824707036,479.5508403778076,267.3974609375,512.783935546875
773.8313140869145,436.77950859069824,263.1146545410156,534.5968627929688
748.6833953857426,438.33325004577637,244.33737182617188,512.4248046875
710.1261062622075,355.08947563171387,250.5189666748047,563.283935546875
707.8367233276372,334.0181255340576,238.6577911376953,548.9971923828125
703.2219085693364,289.44189262390137,239.93222045898438,540.863525390625
657.6552124023442,282.6367778778076,304.76776123046875,528.9532470703125
647.167114257813,309.873685836792,325.09161376953125,530.9594116210938
717.7653350830083,333.79977226257324,300.1103820800781,570.1554565429688
780.5706329345708,339.3903179168701,246.85940551757812,609.4151611328125
868.0727691650395,344.30773735046387,220.66275024414062,630.47705078125
941.2308807373051,375.28210258483887,260.3449401855469,572.0576171875
1003.8895874023442,411.3900737762451,311.46795654296875,511.490966796875
1008.016250610352,422.5223979949951,379.2998352050781,514.949951171875
1079.1115264892583,462.42913627624523,368.0163879394531,493.6531982421875
1113.7664031982426,502.0340099334718,319.8022155761719,490.1066589355469
1121.7997360229497,548.0425395965578,248.1298370361328,515.5118408203125
1129.0151672363286,621.6231822967532,160.6710205078125,448.1460876464844
1117.1900024414067,687.4054698944094,111.554931640625,383.1166687011719
1056.3991241455083,718.4750652313235,146.96444702148438,361.52493476867653
995.3836898803715,731.125792503357,160.44532775878906,345.5001525878905
912.824241638184,744.6095876693726,216.8107452392578,335.39041233062744
826.6159515380864,722.2462458610535,258.0141296386719,352.2860412597656
751.635635375977,617.896026134491,286.4276428222656,459.8686828613281
735.4193191528325,491.6338953971863,238.4249725341797,588.3661046028137
715.9140014648441,345.51033759117115,245.80145263671875,607.7595825195312
711.5482940673832,318.9946210384368,257.8034973144531,544.20068359375
708.3620071411135,193.8510968685148,249.0725555419922,545.8547973632812
678.7608032226565,146.21129584312416,275.77630615234375,522.3011474609375
714.6894378662112,157.57857489585854,238.97103881835938,510.28814697265625
730.5561523437502,220.0552289485929,264.11431884765625,529.5284423828125
745.5780029296877,276.6920392513273,265.55804443359375,541.9414672851562
796.0117797851565,346.97762274742104,223.10101318359375,611.9429321289062
818.8532333374026,460.17858099937416,219.50257873535156,615.3369140625
832.3115539550784,585.958564519882,239.29638671875,487.6775817871094
847.1961669921877,667.0789716243742,264.26190185546875,412.92102837562584
864.0722351074221,712.4835013151168,254.1104736328125,362.58462524414074
845.4107513427737,721.3554495573044,259.9107360839844,354.3175354003906
806.2014770507815,722.3761709928513,255.18682861328125,351.7247009277344
762.3246994018557,690.0679587125778,214.1675567626953,385.46380615234375
668.9704895019534,613.9558523893356,224.8211669921875,460.8819885253906
539.986526489258,509.14602267742157,289.7323303222656,522.7009887695312
498.7661590576174,444.13784396648407,323.8282165527344,526.7960815429688
437.1207122802738,348.21993625164043,340.9681091308594,536.0249633789062
421.79431152343784,332.13708102703106,328.30950927734375,490.2791748046875
481.4496459960941,248.59986484050762,330.07098388671875,486.5072937011719
540.8062133789066,239.64895236492168,272.28594970703125,469.00201416015625
620.2176742553714,244.39516818523418,242.69972229003906,456.36126708984375
696.8120956420902,258.5846518278123,190.61085510253906,562.0679931640625
780.5930633544925,261.15111911296856,221.67221069335938,563.5858154296875
855.4037475585941,258.63631808757793,264.58123779296886,584.2124633789062
910.1043548583989,293.22411715984356,345.7601013183594,568.2978515625
983.4500579833989,308.08394992351543,379.8481140136719,571.3329467773438
1067.7234802246098,322.35644137859356,368.46923828125,569.5440673828125
1116.7675933837895,343.46621310710907,359.2081604003906,576.7046508789062
1136.5504760742192,401.88369357585907,334.60980224609375,568.9804077148438
1149.4393768310551,465.7674216032028,297.8709411621094,531.5413208007812
1133.4680633544926,545.5304831266403,250.55929565429688,523.1320190429688
1043.8566284179692,644.7747153043747,264.43035888671875,435.2252846956253
984.8573455810551,698.5904826521873,266.8841247558594,377.3218994140625
912.7740783691411,750.1597728133202,242.8121337890625,325.7366638183594
857.3785781860356,770.932691514492,202.45030212402344,303.5666809082031
756.351081848145,769.7829264998436,217.13450622558594,304.422119140625
693.4831314086919,744.5156230330467,182.1800994873047,329.36688232421875
648.9501647949223,686.1395549178123,178.67547607421875,386.19647216796875
561.1898574829106,606.074766099453,220.2321014404297,465.57574462890625
511.9890441894536,513.6007212996483,224.42608642578125,510.1234436035156
494.803718566895,436.48151963949203,235.27232360839844,493.2372131347656
487.3148040771489,415.23838609457016,221.06423950195312,490.1314392089844
507.280654907227,399.10415452718735,240.82589721679688,474.8438720703125
536.4398803710942,405.5316295027733,254.84619140625,473.3544006347656
601.2923507690434,412.8229655623436,214.19129943847656,538.927734375
683.0479507446294,423.4982585310936,221.5051727294922,546.9111328125
774.2136764526372,418.8416423201561,213.55555725097656,536.6483154296875
889.908813476563,355.2290934920311,188.249267578125,626.8037109375
948.7735443115239,440.2966288924217,296.6317443847656,551.6091918945312
1037.4892883300786,454.3742350935936,305.40008544921875,546.8094482421875
1049.653442382813,461.0946025252342,312.947509765625,546.0686645507812
1072.244750976563,484.0137919783592,288.12109375,545.6652221679688
1088.935699462891,515.2298259139061,272.99249267578125,512.233154296875
1103.3335647583012,567.6472300887108,240.42539978027344,498.1566467285156
1113.6018905639653,604.127500474453,217.4408721923828,464.84027099609375
1048.5740890502934,649.8407115340233,243.76405334472656,426.2967834472656
1006.6838073730473,669.282773911953,251.53045654296875,406.42120361328125
944.5977020263676,654.2362803816795,260.8956604003906,416.0475158691406
881.1241149902348,629.139219224453,267.02325439453125,443.25433349609375
869.6479339599614,602.4781474471092,240.20803833007812,473.83599853515625
830.7870254516606,532.079893052578,197.6334686279297,540.3291625976562
802.5740432739262,501.03286546468735,190.26573181152344,552.7799072265625
791.5173110961919,402.139219224453,181.9031219482422,633.9959106445312
780.7677230834965,453.3077067732811,190.6776885986328,523.4364013671875
774.9121551513676,417.49824327230453,205.38845825195312,501.2016906738281
804.1533508300786,342.850156724453,183.39276123046875,537.5733032226562
845.8162460327153,327.9743327498436,187.1957550048828,532.4210205078125
881.6042022705083,313.8982829451561,208.43441772460938,531.7335205078125
934.0158538818364,282.0414714217186,233.43777465820312,557.34619140625
969.4897842407231,288.21218675374985,254.4102020263672,533.845703125
1051.0317840576176,291.3426494002342,230.32327270507812,516.4896850585938
1091.1113967895512,301.92849534749985,194.04014587402344,518.787841796875
1117.8570251464848,331.688779771328,147.93463134765625,512.9343872070312
1101.398918151856,366.0100993514061,151.58522033691406,501.6368408203125
1060.1517944335942,403.23184007406235,176.1910400390625,493.2725830078125
977.5074234008794,447.31455796957016,238.1599578857422,474.3088073730469
876.9267272949223,473.4101237654686,338.91156005859375,482.3179931640625
796.6894531250003,487.97979539632786,388.2783203125001,473.55401611328125
728.5444488525395,488.69619554281223,365.9224548339844,475.79541015625
717.0836944580083,464.1267527937888,330.2044372558594,499.4624938964844
744.470336914063,414.71661180257786,269.393798828125,536.8335571289062
756.3908004760747,373.9444560408591,206.34754943847656,527.8143920898438
692.125984191895,401.7212352156638,245.26390075683594,488.2790222167969
678.9957351684575,381.07920640707005,234.74742126464844,502.2686462402344
654.8946990966801,359.5820750594138,202.94876098632812,499.4421081542969
647.6080932617192,347.82647508382786,231.7041015625,466.11505126953125
673.9330596923833,338.72035020589817,260.2998962402344,450.5135803222656
679.5876464843755,329.5260905623435,305.2283935546875,448.269287109375
716.3060607910161,324.9112986922263,319.93133544921875,456.5708923339844
756.3916778564458,326.5580729842185,327.5276794433594,468.2947998046875
798.5941772460942,341.4774913191794,386.5047607421875,467.6069641113281
849.9075164794926,379.0413798689841,404.6380920410156,456.33551025390625
915.6949768066411,421.2693614363669,415.00836181640625,454.3358459472656
1009.771865844727,454.30418199300766,338.0430603027344,460.1352233886719
1079.070465087891,497.1764354109764,301.34649658203125,441.2621765136719
1088.2731475830083,526.1979960799217,291.0972595214844,426.88482666015625
1062.0131988525395,563.1867045760155,327.4782409667969,407.73675537109375
952.8977355957036,607.5633372664452,412.77313232421875,371.2566833496094
856.6165618896489,642.8593119978905,481.6614074707031,299.96038818359375
771.0171508789067,623.919980943203,521.1435546875,221.72979736328125
717.4179229736333,512.3842296004295,487.6579284667969,246.00320434570312
702.952270507813,428.89192003011703,379.5849609375,351.5306701660156
759.601211547852,383.8133525252342,229.87313842773438,408.01654052734375
732.8029327392583,360.5486735701561,168.58078002929688,407.18603515625
702.6128463745122,363.01577562093735,199.0622100830078,388.706298828125
670.2936477661137,403.0338115096092,199.1720428466797,374.89044189453125
661.5618743896489,436.7733592391014,200.73947143554688,402.7121276855469
677.0165786743169,450.42378038167953,205.04136657714844,407.5952453613281
733.9652404785161,463.6965007185936,196.8349609375,435.56005859375
804.256843566895,469.65066331624985,150.1703338623047,432.5771484375
562.4181442260747,468.34202378988266,207.0440216064453,422.4870910644531
905.7439498901372,367.8407115340233,246.5436553955078,483.9598083496094
953.5695800781255,431.0227946639061,308.07476806640625,378.35723876953125
945.724990844727,424.4226512312889,387.2383117675781,344.7543029785156
902.8872680664067,463.8686198592186,454.38543701171875,210.27606201171875
845.483276367188,384.579648911953,511.79193115234375,371.931396484375
966.8006286621098,346.44819444417953,361.2669677734375,492.5180358886719
988.1840209960942,351.75988572835934,275.82916259765625,529.7315673828125
979.1578903198247,380.1318034529687,218.6752471923828,531.3989868164062
946.7218475341801,375.37206834554684,197.97811889648438,565.72216796875
889.4640426635747,368.37292283773434,192.1198272705078,586.421630859375
830.9737854003911,357.77526658773434,194.632568359375,619.693359375
785.4766464233403,404.03588670492184,211.92567443847656,552.219970703125
736.362686157227,337.6989421248437,261.0593566894531,598.5348510742188
715.9357910156256,344.96923631429695,246.21075439453125,606.8701171875
701.5767211914068,341.77172654867195,267.05645751953125,515.653564453125
685.919052124024,343.1100901961329,328.8221130371094,495.3735656738281
709.4833526611334,334.3611125350001,355.761016845703,517.9138793945312
744.1150970458989,316.1359538435938,352.7754821777344,531.4735717773438
801.6994323730472,302.6890544295312,320.6616210937501,553.1109008789062
840.3505554199223,305.9205912947656,319.79736328125,544.2794189453125
969.521507263184,312.5581950545312,227.29750061035156,540.0932006835938
1089.6935882568364,315.0076579451562,164.26596069335938,560.4526977539062
1107.682022094727,357.73766893148434,190.46328735351562,543.40625
1119.7841491699223,426.24865525960934,229.9169921875,519.8974609375
1132.2418823242192,474.21471971273434,210.18463134765625,532.5947265625
1130.004516601563,523.4073771834375,165.94000244140625,552.0714721679686
1087.471542358399,555.4364146590233,184.83602905273438,374.1175231933594
1046.3954696655278,598.1047191023827,190.2550811767578,476.3949279785156
986.358047485352,603.0526103377342,215.57308959960938,469.033935546875
873.4572906494145,578.1000041365623,276.3057556152344,500.17864990234375
761.0583190917974,569.4244517683984,304.41107177734364,498.66098022460926
622.6591644287114,504.80532640218735,392.2750549316406,532.1478881835938
556.5529785156255,476.02558702230453,401.3375244140625,505.3003845214844
504.31303405761764,416.5467204451561,397.9765930175781,486.69464111328125
480.77905273437545,372.344053208828,408.2850341796875,485.35693359375
460.67823791503963,363.79531663656246,412.0229187011719,450.97064208984375
452.06581115722713,393.7466868758203,417.2801208496094,433.0675354003906
482.62142944335994,449.5753764510156,409.57476806640625,400.5811767578125
577.6759948730474,465.6078776717187,364.12896728515625,449.44403076171875
737.0349884033209,500.5618266463281,297.11959838867176,556.6999511718749
840.8367004394535,496.10598558187473,279.96783447265636,570.0736694335939
984.7192687988286,449.67507737874985,219.43023681640625,601.0005493164062
1023.279907226563,461.6010417342186,262.452392578125,527.9501342773438
1012.3123016357426,342.75759690999985,289.8855285644531,565.6033325195312
1021.9263305664067,358.0399608016014,253.05029296875,481.3301086425781
1032.109970092774,354.531309068203,182.18191528320312,371.578857421875
1018.0517578125005,359.3970622420311,178.79180908203125,396.94134521484375
990.4672546386723,383.39199632406235,173.59515380859375,564.7417602539062
966.2586212158208,348.5338725447655,172.31442260742188,621.0994873046875
818.3502044677739,402.2636393904686,269.6025695800781,552.0322875976562
691.6623535156255,377.68386644124985,368.9332275390625,545.2583618164062
713.0144958496098,376.4889811873436,297.11871337890625,603.3246459960938
710.9356384277348,404.1145915389061,278.12347412109375,504.82073974609375
683.4430847167972,431.26897996664036,279.01031494140625,441.4293212890625
692.0700531005863,478.2914714217185,252.27371215820312,502.24615478515625
670.5221710205082,495.83428758382786,314.7799987792969,535.2536621093751
783.9482192993167,489.7810038924217,246.6901092529298,549.12255859375
857.3911590576176,396.6852397322655,266.4769592285156,656.20947265625
930.4255065917973,425.819669663906,323.06329345703125,546.1192016601562
966.8403472900395,387.29482835531223,395.9283142089844,507.38763427734375
990.4485321044926,365.40313524007786,405.3117980957031,519.4830322265625
998.0578918457036,368.4661845564842,432.56036376953125,513.095458984375
968.7206878662114,371.22768968343723,428.5791320800781,565.9209594726562
948.843383789063,357.504972398281,292.962890625,611.3137817382812
763.1022491455083,363.93887132406223,336.8174743652344,600.4699096679688
660.2366333007817,398.78774827718723,385.313232421875,548.1777954101562
515.4048614501957,403.59991258382775,476.8356628417969,465.975830078125
470.09111022949264,399.9043406844138,427.5735168457031,415.5882873535156
446.58540344238315,431.31251329183556,424.7913513183594,380.3720397949219
486.93742370605503,501.23946946859337,346.2367248535156,434.54449462890625
540.9408874511722,517.6246165633199,340.24493408203125,472.9216613769531
706.10026550293,531.3520488142965,278.8554992675781,545.0836181640625
772.1256179809574,610.0013255476949,255.42185974121105,465.7513732910156
926.0356140136723,621.6474284529684,250.43096923828125,454.49761962890625
1006.1499328613286,569.0786723494527,342.02423095703125,507.532958984375
1018.1819915771489,547.3532695174214,395.4475402832031,521.6502685546874
1065.7595214843755,504.4941691756244,389.87890625,484.27337646484375
1090.083389282227,494.21388047933533,352.0962829589844,464.9472351074219
1080.496704101563,505.2535228133197,333.1070556640625,466.8302307128906
1027.5982360839848,543.2918528914447,315.10076904296875,505.0405578613281
1012.5192718505864,578.6086558699603,272.7119445800781,487.4830017089844
915.788940429688,605.150312364101,236.2894287109375,462.9363098144531
751.4202270507817,556.81731981039,335.8909912109375,517.3585205078125
693.1565856933597,514.0091838240618,363.71759033203136,553.6345825195314
628.4853515625005,364.45971482992127,383.668701171875,600.2677001953125
669.018920898438,324.3762492537494,322.73828125,522.2575073242188
727.5064544677739,319.49162095785096,280.8023986816406,435.3025207519531
746.7337188720708,331.7610148787494,284.6484069824219,489.59771728515625
755.4754333496098,343.41790574789,273.65020751953125,518.5540771484375
775.3536987304692,453.93694871664,278.0706787109375,572.325927734375
840.9594421386723,493.1423625349994,256.49725341796875,586.8576374650006
875.8895874023442,648.0150747001169,226.611328125,431.9849252998831
965.582641601563,705.4384608119725,201.5721435546875,370.198944091797
1010.5958328247075,689.227141842246,195.11399841308594,385.8997802734375
1075.8955078125005,656.823073849082,191.6368408203125,416.8061828613281
1116.103996276856,596.5666498988867,255.46363830566406,432.05535888671875
1131.3866424560551,562.4768061488867,284.4356994628906,427.76641845703125
1127.5561676025395,528.7782130092382,307.6187438964844,454.9794006347656
1083.8595428466801,487.020308956504,310.9161682128906,497.8809509277344
1006.9919128417973,448.1119379848243,319.54156494140625,562.0659790039062
958.9019165039067,411.7264704555274,293.5574951171875,606.8203125
875.9490432739261,337.4746394008398,252.76475524902355,642.825927734375
628.1389923095708,425.19540356099606,367.9672546386719,497.5518798828125
520.227691650391,450.48205517232407,423.01397705078125,450.99456787109375
579.6136016845707,460.86466930806625,335.9876403808594,450.4816589355469
575.339019775391,519.4141230434178,268.07965087890625,314.68963623046875
542.6506500244144,545.321883663535,230.86007690429688,500.097381591797
605.7182693481449,629.1472315639257,160.32664489746094,437.0172424316406
654.5590820312503,657.6445917934179,132.443603515625,407.95965576171875
676.4501724243167,707.687835201621,174.4528045654297,364.6295166015625
709.8072891235355,713.6364130824804,159.7971649169922,366.36358691751957
743.9183578491214,723.9147488996387,131.8743438720703,356.08525110036135
748.6890716552738,652.311057921499,161.85336303710938,419.4296569824219
736.2902374267582,542.4961622916162,229.02932739257812,537.5038377083838
761.2232818603519,426.3961219172925,248.32620239257812,653.6038780827075
850.003944396973,340.3605060270056,244.29539489746105,588.2012329101562
934.8992080688481,327.977815597318,238.31211853027344,523.4458618164062
961.4542541503911,348.7851123502477,310.55712890625,474.7809753417969
1011.4450988769536,382.4501056363805,392.333984375,458.87335205078125
1047.262069702149,411.21579167153664,406.5021667480469,477.96051025390625
1101.7779998779301,471.315492599271,355.7098083496094,554.997314453125
1130.6369171142583,529.1374225309117,262.7706604003906,538.9628295898439
1147.3778610229497,581.120622604154,208.8156280517578,498.87937739584595
1175.9366378784184,638.1600427473895,143.1804962158203,431.7835693359375
1154.556877136231,697.0339898909442,144.24305725097656,377.6263732910156
1136.689933776856,716.2260064925067,140.09608459472656,360.4209289550781
1077.9238586425786,720.6564569319598,149.82476806640625,352.7195739746094
1002.169700622559,705.8327417219989,175.4427032470703,371.953125
922.1770782470708,684.9818811262958,208.99642944335938,395.0181188737042
748.610733032227,602.1552014274057,310.2076110839844,472.5378112792969
619.1484985351567,546.6795086783823,387.9447021484375,520.3737182617188
487.03219604492233,504.13275574869476,444.02569580078125,539.4652709960938
465.8630676269536,456.6458935660776,403.70709228515625,463.4419250488281
490.428359985352,441.0420117301401,338.5330505371094,417.6831359863281
488.65678405761764,449.23765992349945,282.9981994628906,409.4992370605469
502.57302093505905,484.91849183267914,229.8451690673828,422.4864501953125
544.1454086303715,537.0432782096323,174.2165069580078,459.91021728515625
609.9574203491215,616.386478893226,159.1648712158203,455.81451416015625
671.5603637695317,660.7611737174448,120.8798828125,407.19268798828125
747.3649864196782,700.9937024039682,126.48487091064453,379.0062975960318
778.8759117126469,641.8561346492497,120.58753204345703,438.1438653507503
798.0102844238286,620.9213687162264,151.01837158203125,457.4822082519531
847.9271163940434,578.2573825101717,201.88343811035156,494.41668701171875
912.6453704833989,532.9379550199374,247.32205200195312,542.3524169921875
1000.0857086181645,496.75823700235924,326.7430114746094,463.92718505859375
1016.8393402099614,473.0660678129061,366.1244201660156,470.5860595703125
1078.0789184570317,450.8854190091952,369.724365234375,437.0401306152344
1104.8950347900395,459.44451629923424,333.6199645996094,428.89202880859375
1149.003524780274,482.12933075235924,293.3226623535156,461.86944580078125
1183.0859146118169,534.3061190824374,208.0676727294922,473.15576171875
1200.5194778442387,623.8757449369296,134.08518981933594,433.0117492675781
1157.1239776611333,673.1617099027499,150.55282592773438,378.345947265625
1108.34107208252,707.7809420804842,166.0492401123047,370.48077392578125
1071.858795166016,686.5688296537264,164.25390625,393.4311703462736
1014.8098983764653,646.1127687086992,191.60353088378906,429.3611145019531
948.391967773438,512.3871675124101,218.36859130859375,565.0997314453125
920.4152221679692,374.24028640889446,206.36968994140625,606.8925170898438
856.9164962768559,345.0883393874101,227.2115020751953,528.5010986328125
771.5686645507817,306.73691421651165,258.78143310546875,446.4462585449219
691.3404083251958,309.99782425069134,304.7969055175781,424.1700439453125
646.4335327148442,347.955755769246,311.49481201171875,437.9258117675781
599.9567871093755,356.82411819600384,350.13922119140625,521.0369873046875
618.9451522827153,442.17192703389446,238.27198791503906,563.0767211914062
644.780410766602,556.3384004225663,170.55996704101562,512.74365234375
654.9013595581059,643.4365296950273,143.3540802001953,434.5674133300781
664.3136672973637,675.302679597371,142.0520477294922,403.7364807128906
692.2478713989262,699.5672517409257,149.8855438232422,380.4327482590743
729.068367004395,662.1788285071816,163.3063201904297,412.41156005859375
737.5014953613286,675.1587784583535,176.5936279296875,401.814453125
791.1801910400395,531.5976822669472,201.15213012695312,543.6912231445312
850.7216720581059,355.31194618296286,217.0932159423828,660.7391357421875
914.2896270751958,351.18276527475973,261.3705139160156,539.6989135742188
973.2782897949223,346.96477821421286,304.2901611328125,452.554931640625
994.5907745361333,335.30503395151754,310.8880920410156,451.1156311035156
1005.5309753417973,348.28953102183004,383.643310546875,427.2436828613281
1037.8683776855473,366.87307289194723,409.0970458984375,487.20953369140625
